#doc name topic proportion ...
0	file:/Users/mlafleur/Projects/SDG_LLM/LLMs/chatgpt-api/results/separates/SDG_10/d_10_106.txt	6.919784276570868E-5	0.00447840901151567	0.1466254815796323	5.312721560514953E-5	0.0013972799793002875	0.7124295291131539	0.10711971200852131	1.94483938292898E-5	7.887218902287729E-5	0.025111801243177922	1.0857363957123459E-4	5.143181985778109E-4	5.849378134987786E-5	3.621953256195855E-4	2.3267482094639177E-4	9.258793748491641E-4	2.126743356619899E-4	2.0233194689924511E-4
1	file:/Users/mlafleur/Projects/SDG_LLM/LLMs/chatgpt-api/results/separates/SDG_10/d_10_112.txt	1.1176237036602647E-4	0.01199592249879941	0.1629936493084778	3.2394566458054637E-4	0.0010660698589241792	0.7279575072280251	0.04941625848418388	3.141136352375666E-5	1.2738753765778298E-4	0.04103468768445231	1.7535875155577928E-4	1.1626472485252334E-4	8.088916397401037E-4	0.002966378373596533	1.3765706440318104E-4	6.65651952468787E-5	1.0535401051429143E-4	5.649282410997927E-4
2	file:/Users/mlafleur/Projects/SDG_LLM/LLMs/chatgpt-api/results/separates/SDG_10/d_10_47.txt	6.354959442870992E-4	0.002083368523418053	0.21183354920284397	6.600217613737886E-5	0.0033844853863365604	0.6949443122172274	0.07885917660707155	2.4161558261402215E-5	2.811624241175306E-4	7.902011499853021E-4	6.844141540352503E-4	8.943059479559265E-5	2.5584547051263947E-4	0.00393031799170949	1.0588553977147694E-4	0.0011502589187986254	8.137428305175886E-4	6.818931017310199E-5
3	file:/Users/mlafleur/Projects/SDG_LLM/LLMs/chatgpt-api/results/separates/SDG_10/d_10_462.txt	0.007549654131150145	0.0021143924631970615	0.18822572897667314	8.127733878169173E-5	1.0752154266612875E-4	0.7132183372374803	0.03101804844015596	4.808922147615915E-4	0.0026019272571808625	0.008416871684006458	3.9167217009962403E-4	3.356973178774208E-4	3.1505686932708046E-4	0.03709635551224471	8.070993452615116E-4	0.005251148384942172	0.0019043484637006512	8.397065049330005E-5
4	file:/Users/mlafleur/Projects/SDG_LLM/LLMs/chatgpt-api/results/separates/SDG_10/d_10_304.txt	3.411280679919432E-4	0.007980446250953926	0.205572499130228	8.365495887749323E-5	1.1066688901243593E-4	0.7398864381227721	0.04260515481440091	3.0623750322515174E-5	1.241934035904403E-4	5.372103546407921E-4	4.0312982406017444E-4	3.4551752977234827E-4	9.210523867429661E-5	5.703185217820791E-4	8.307095624680111E-4	6.489612964009575E-5	1.0271234838389607E-4	3.185951024284223E-4
5	file:/Users/mlafleur/Projects/SDG_LLM/LLMs/chatgpt-api/results/separates/SDG_10/d_10_310.txt	2.5525675969055985E-4	0.02577619495982809	0.10170676202328073	5.837716101606819E-4	8.280899212027429E-5	0.6825406169328372	0.09407380507343673	2.2914910880574565E-5	9.293051129462161E-5	5.452981138617089E-5	1.2792600235231446E-4	7.797161764472617E-4	0.0014587195608690327	0.08833158733825516	0.0016639469454270764	0.001785809667650259	4.243067633584326E-4	2.3839596072487885E-4
6	file:/Users/mlafleur/Projects/SDG_LLM/LLMs/chatgpt-api/results/separates/SDG_10/d_10_476.txt	0.001085995036412645	0.025490040224364113	0.16092351056410514	2.701072197239629E-4	0.0036687533295051687	0.6907668666134356	0.06026537499279371	2.6190923345513792E-5	1.0621624977996905E-4	0.0018493784306063306	7.418991130864924E-4	4.940648489867602E-4	7.87728877238517E-5	0.021138152179476483	1.147790231718341E-4	0.032818137127342266	8.784460475379768E-5	7.391663138632066E-5
7	file:/Users/mlafleur/Projects/SDG_LLM/LLMs/chatgpt-api/results/separates/SDG_10/d_10_53.txt	3.1300488201867503E-4	7.186654899727021E-4	0.1688131708838842	0.0022070354015028266	1.0154331991095329E-4	0.7747513942967659	0.0015998354183993596	2.809907555567844E-5	1.1395468530968717E-4	0.029464690389279867	5.829228166001749E-4	1.0400475883896007E-4	8.451192402388599E-5	0.015009184770880608	1.2314130364039915E-4	0.0047461556044557625	7.333276958168601E-4	5.05357283143535E-4
8	file:/Users/mlafleur/Projects/SDG_LLM/LLMs/chatgpt-api/results/separates/SDG_10/d_10_338.txt	5.955608361783895E-5	4.7406958686481525E-5	0.069217186794628	1.726246054392928E-4	6.048903303901113E-5	0.7689954745985739	0.005013814638660561	0.061690104556369786	5.754821643540059E-4	0.04445480762742519	9.344540954681208E-5	6.195530438773477E-5	3.0414334481336264E-4	0.019092918087202176	7.335488332371855E-5	0.026557556741521472	0.003355539370600953	1.7413979780975304E-4
9	file:/Users/mlafleur/Projects/SDG_LLM/LLMs/chatgpt-api/results/separates/SDG_10/d_10_84.txt	7.551059522913883E-5	0.0044042778108871975	0.16177161840506854	3.7976432616159485E-4	7.669347297784108E-5	0.6979405191127774	0.08664368361774122	3.430130666241877E-4	0.0010514388368451993	0.016622710533745047	1.1847855110131687E-4	5.612382085852326E-4	8.683061347985699E-4	0.023725044627254326	2.5390118423174244E-4	0.005032725652895911	7.118088152261812E-5	5.989498155301638E-5
10	file:/Users/mlafleur/Projects/SDG_LLM/LLMs/chatgpt-api/results/separates/SDG_10/d_10_90.txt	8.653805427124241E-5	0.004125511582790374	0.10795181950001198	0.0028323222373548957	0.0023005992226494162	0.7661229920907806	0.04121348237027241	0.01625082927447174	2.830288130820835E-4	0.024028854818406796	1.3578098880125667E-4	4.588085029911028E-4	0.03086663717314059	0.0022968787423049294	2.9098054907267387E-4	5.154169923190256E-5	8.157603538400095E-5	6.218183449820986E-4
11	file:/Users/mlafleur/Projects/SDG_LLM/LLMs/chatgpt-api/results/separates/SDG_10/d_10_489.txt	8.1151146515262E-5	6.459674338050826E-5	0.24025470356301537	6.230446333592794E-5	8.242238381915676E-5	0.6572210768866634	0.05836016896256434	3.6863573306236057E-4	9.249664890632669E-5	0.019420632279248735	1.273287573771993E-4	8.442032582311623E-5	6.859805495133088E-5	0.022384826887446457	9.9953397245046E-5	9.129027909028466E-4	7.649800836556544E-5	2.3728296737706385E-4
12	file:/Users/mlafleur/Projects/SDG_LLM/LLMs/chatgpt-api/results/separates/SDG_10/d_10_516.txt	6.251891653911842E-4	6.732066212342243E-5	0.18929616430337734	6.49317210979524E-5	8.58979750699134E-5	0.7701719364116091	2.721077988047885E-4	0.001645617794160219	9.639705227695111E-5	5.6563910018530394E-5	6.733139960841412E-4	8.798016639337469E-5	4.3190139001906896E-4	0.004407190237273979	8.249896147890121E-4	0.030324869260484718	8.005451578846193E-4	6.708338314187987E-5
13	file:/Users/mlafleur/Projects/SDG_LLM/LLMs/chatgpt-api/results/separates/SDG_10/d_10_270.txt	3.71984279390094E-4	2.069193953310038E-4	0.17782569997379796	3.555650394127633E-4	5.237344615993981E-4	0.7319512916993742	0.05355497713418745	3.211556382508267E-4	3.818684868471674E-4	0.005018493035039856	1.1092887822744384E-4	7.354703082047447E-5	0.010454107554384782	0.01724203238213023	0.0011415782079107143	4.2107977915081576E-5	3.6793046306599325E-4	5.607836231427126E-5
14	file:/Users/mlafleur/Projects/SDG_LLM/LLMs/chatgpt-api/results/separates/SDG_10/d_10_264.txt	9.488354037325929E-5	7.552780178371011E-5	0.16506467195570085	7.284762219911424E-5	0.05569432605824659	0.7047510703598187	1.0310638873974058E-4	6.331906435209576E-4	1.0814892823780464E-4	6.345968160798582E-5	7.553984828789663E-4	9.870593007647653E-5	4.845549872290942E-4	0.04234673730641931	1.1686750724046905E-4	0.028967449439626657	4.937917704529199E-4	7.526159584752174E-5
15	file:/Users/mlafleur/Projects/SDG_LLM/LLMs/chatgpt-api/results/separates/SDG_10/d_10_502.txt	4.1597401439825754E-4	0.0022528757803893427	0.19885482903353766	5.66070311766993E-4	4.172124868881641E-4	0.6579698987803742	0.10166561892561268	2.2220078058796552E-5	9.011264437257072E-5	0.0019059058387121373	1.2404699162185638E-4	8.224448008293937E-5	6.683001172009519E-5	0.03410525891913102	9.737720280974464E-5	4.708753993649577E-5	0.0012537269408762959	6.271001971103345E-5
16	file:/Users/mlafleur/Projects/SDG_LLM/LLMs/chatgpt-api/results/separates/SDG_10/d_10_258.txt	1.0133719254968314E-4	0.022321000985290516	0.22422728496383573	7.780246698782231E-5	1.0292464540738116E-4	0.6928744258457351	0.033362660597645415	2.848131605682759E-5	1.155048464861557E-4	0.0074092461407817885	3.7492690510050245E-4	1.0541956805792268E-4	8.566156612253648E-5	0.008303740434692716	1.2481643325533605E-4	0.009992933264946675	9.552660358225069E-5	2.963062234657089E-4
17	file:/Users/mlafleur/Projects/SDG_LLM/LLMs/chatgpt-api/results/separates/SDG_10/d_10_259.txt	2.2719409656971732E-4	0.013046334041039215	0.17170378440979844	5.5714890063510724E-5	7.370505750923838E-5	0.7148131328537639	0.07862877639323984	0.0020305313961954214	2.373396525152889E-4	0.014274110773449844	4.231136007631028E-4	7.549168904643169E-5	6.134284585002026E-5	7.058517193103639E-5	8.938191970222532E-5	0.0035996153338639777	2.2303309322292862E-4	3.668127814756321E-4
18	file:/Users/mlafleur/Projects/SDG_LLM/LLMs/chatgpt-api/results/separates/SDG_10/d_10_265.txt	8.366018557890802E-4	0.02777374181326752	0.18671003323953525	6.744768893901203E-5	8.922634122490908E-5	0.7344987085669202	0.041838370329885924	2.4690720234813015E-5	0.0012232597741476305	0.001369071104360006	1.3783973026561602E-4	0.0017760805208714323	0.002694891738965789	4.598252963060627E-4	1.0820453760162313E-4	2.3951110899291848E-4	8.281290932361343E-5	6.968272336882133E-5
19	file:/Users/mlafleur/Projects/SDG_LLM/LLMs/chatgpt-api/results/separates/SDG_10/d_10_503.txt	7.118145356441279E-5	5.666081487200161E-5	0.18995969459027431	5.465014918757733E-5	7.229651506387683E-5	0.6253172555110226	0.16706694971727196	2.000589739407357E-5	3.844748110575069E-4	8.059615549646263E-4	1.1168598867490976E-4	2.2571984736295474E-4	6.017055177660211E-5	0.013871283077161853	8.767378416847715E-5	4.974079054732327E-4	0.001280466723029782	5.6461107679259634E-5
20	file:/Users/mlafleur/Projects/SDG_LLM/LLMs/chatgpt-api/results/separates/SDG_10/d_10_517.txt	4.371843090341971E-4	7.743277773786536E-4	0.10276626838362765	4.1788716535886373E-4	2.6143915884546215E-4	0.8280224963735248	0.005578741545922889	5.544933832726407E-4	9.47074403728227E-5	0.0012948998808534774	0.014294113820798586	0.0020339525716373077	0.014765119692606275	0.019555965004880476	1.0234241479637825E-4	4.9488508653686944E-5	0.008930664998039621	6.590757039607013E-5
21	file:/Users/mlafleur/Projects/SDG_LLM/LLMs/chatgpt-api/results/separates/SDG_10/d_10_271.txt	8.191602517191848E-5	2.397492686173611E-4	0.11998952850745219	7.610664163097706E-4	8.319924434326735E-5	0.7693636336194323	0.053150293116673804	2.3022901506735593E-5	4.4245581852378897E-4	0.022221833869199285	0.00815753805381793	4.343033731993549E-4	7.674193272830268E-4	0.02102491880815023	2.7543917162344586E-4	0.0016196819381380332	0.0012990247738895293	6.497576666797568E-5
22	file:/Users/mlafleur/Projects/SDG_LLM/LLMs/chatgpt-api/results/separates/SDG_10/d_10_488.txt	8.72621244712691E-5	0.001556940723095767	0.2191144862367679	6.699621716019588E-5	0.0015761086994156694	0.7158230388526331	0.01961799434742389	2.4525448991868834E-5	0.0014010066423842114	0.02181275163162393	1.3691707821936392E-4	9.077748493049836E-5	7.376373922855434E-5	0.015703413373377835	1.074802534069318E-4	0.0020972574145158305	6.400634413201022E-4	6.921629103337804E-5
23	file:/Users/mlafleur/Projects/SDG_LLM/LLMs/chatgpt-api/results/separates/SDG_10/d_10_91.txt	0.0014805912979547605	9.393996761512306E-4	0.18416181309130877	6.29906568333879E-5	8.333014709635427E-5	0.7464491979822376	0.0579540119738806	0.004393516590556615	9.35153656341178E-5	5.487299250480267E-5	6.53185995246793E-4	4.3498669079046395E-4	0.002341991445379848	2.546211365660892E-4	1.0105423926448173E-4	4.886560087801479E-5	4.2697712047118987E-4	6.507799724480255E-5
24	file:/Users/mlafleur/Projects/SDG_LLM/LLMs/chatgpt-api/results/separates/SDG_10/d_10_85.txt	9.809641886076337E-5	0.019098929867757564	0.14557154121991278	4.933548768153211E-4	0.0021898358078529406	0.7806608936596636	0.010348590948314397	2.3659075098634105E-4	9.478920710034706E-4	0.03329983148619658	1.5391643437034106E-4	5.200887801940277E-4	7.099829114669132E-4	0.004066800838181601	1.2082479106887635E-4	4.7646635291898623E-4	9.285527343325575E-4	7.781005010294363E-5
25	file:/Users/mlafleur/Projects/SDG_LLM/LLMs/chatgpt-api/results/separates/SDG_10/d_10_339.txt	7.617240714980457E-5	0.0011967713426842014	0.2209701817032586	5.8481995045896514E-5	0.008679551112233676	0.7047068339477822	0.021994000816363383	0.033131707381182575	2.491272327159163E-4	0.0013493884544446832	1.1951695527789788E-4	7.924101761283427E-5	6.438946577858552E-5	0.005754779327456136	2.5612649883674336E-4	5.32284121747425E-4	7.210262898591351E-4	6.041993057056225E-5
26	file:/Users/mlafleur/Projects/SDG_LLM/LLMs/chatgpt-api/results/separates/SDG_10/d_10_311.txt	9.593085753337661E-5	0.02501388996270838	0.15237381904563108	7.365170860338143E-5	9.74336198470071E-5	0.7061934729104006	0.07961816728022993	2.696183902737438E-5	1.0934266772039743E-4	0.03256470957132465	3.549245702755417E-4	5.086073809515683E-4	0.0013075273525470744	9.1093320511077E-4	1.1815748172193952E-4	2.615419843779981E-4	2.9483623448311005E-4	7.609232750570866E-5
27	file:/Users/mlafleur/Projects/SDG_LLM/LLMs/chatgpt-api/results/separates/SDG_10/d_10_52.txt	3.7918151524971467E-4	5.736557031483655E-5	0.1571578081135363	5.532989567866987E-5	0.03278091091940421	0.6914468346562064	0.08760600079473284	2.025473365082564E-5	2.3569961637029597E-4	0.0012766582664601597	1.1307515521945834E-4	7.497003538523093E-5	6.091896183668927E-5	0.02847820684246794	8.876428342667267E-5	4.292269258292571E-5	6.793456834178366E-5	5.716337913503269E-5
28	file:/Users/mlafleur/Projects/SDG_LLM/LLMs/chatgpt-api/results/separates/SDG_10/d_10_477.txt	2.8713127563486594E-4	0.03036285836400676	0.15993961707332177	7.041330605561368E-5	0.0012656600415094955	0.7529192801980252	0.0253086365603469	4.166131815501482E-4	1.0453496426802698E-4	0.017062741247994204	1.4390042515159045E-4	9.540751851833885E-5	7.752600021710669E-5	8.920658927088615E-5	3.083806141940061E-4	0.011193473489132596	8.645412202087513E-5	2.6816502878166635E-4
29	file:/Users/mlafleur/Projects/SDG_LLM/LLMs/chatgpt-api/results/separates/SDG_10/d_10_463.txt	3.191232709897921E-4	0.00985476983149681	0.1951353392659287	7.82587145896558E-5	0.0016238709469086434	0.6736980409493991	0.06005570713211889	4.6303197357997356E-4	1.1618218759434579E-4	0.02982345264343975	1.5993372463400516E-4	1.0603776728700725E-4	9.549311768582028E-4	0.012044695978775442	5.599320171605855E-4	0.013309410900357628	0.0016164295216411664	8.085199724013563E-5
30	file:/Users/mlafleur/Projects/SDG_LLM/LLMs/chatgpt-api/results/separates/SDG_10/d_10_46.txt	3.1850068929327127E-4	5.145158770785729E-4	0.1540022450458197	7.810603865616574E-5	0.011808803460010123	0.7580071129582704	0.011816026217800648	2.4536054186619175E-4	1.1595552626929217E-4	0.015675343401825147	1.5962170787225442E-4	1.0583089684209086E-4	8.599580262617844E-5	0.02199253027352799	9.923758319364475E-4	0.023905082136524432	9.58993317429809E-5	8.069426203814696E-5
31	file:/Users/mlafleur/Projects/SDG_LLM/LLMs/chatgpt-api/results/separates/SDG_10/d_10_305.txt	8.191602517191848E-5	2.397492686173611E-4	0.15646915716057544	5.865227385436304E-4	8.319924434326735E-5	0.7173496176451226	0.049659419561351004	0.0010702849681035757	2.67912140757649E-4	0.05433787057816905	1.2852887657549176E-4	8.521601766707488E-5	6.924461621846657E-5	0.01770858893059357	2.754391716234459E-4	3.9787619377505316E-4	0.0011244810961233889	6.497576666797568E-5
32	file:/Users/mlafleur/Projects/SDG_LLM/LLMs/chatgpt-api/results/separates/SDG_10/d_10_113.txt	2.7596792806779233E-4	0.03049712923354763	0.18396048388030875	6.767571431431853E-5	2.773487583967564E-4	0.7223318629879645	0.03878686342073139	0.0030299064035875637	8.517538124623664E-4	0.012455124646944682	5.139472614072327E-4	9.169817934106777E-5	7.451187476527278E-5	8.573833538909564E-5	1.0857035266044281E-4	0.0039967361038774655	0.002524762801344029	6.991830488982678E-5
33	file:/Users/mlafleur/Projects/SDG_LLM/LLMs/chatgpt-api/results/separates/SDG_10/d_10_107.txt	7.03175783204928E-5	5.597316559234812E-5	0.15454183922604595	2.0381703220971628E-4	7.141910716535934E-5	0.7128703876622594	0.04472579033113075	0.0025668753174597683	0.0014286196449164864	0.014730382336931273	1.1033054064908832E-4	7.315032661666801E-5	5.944030748556953E-5	0.04561675561965494	2.3643988441229822E-4	0.022366570278862026	6.628562781421345E-5	2.0560601247349806E-4
34	file:/Users/mlafleur/Projects/SDG_LLM/LLMs/chatgpt-api/results/separates/SDG_10/d_10_111.txt	8.362375694801899E-5	6.656495440972314E-5	0.1511783663101719	6.42028304282865E-5	0.008815873793946074	0.7875410134229442	0.008999993320352843	0.001805327371204336	0.0025898692523126238	0.002372300806439581	1.3120836262494077E-4	8.699254553079127E-5	0.0018525126860271981	0.02556142893720336	2.811813475258652E-4	0.007355286419549418	0.0011479235433789047	6.633033900205218E-5
35	file:/Users/mlafleur/Projects/SDG_LLM/LLMs/chatgpt-api/results/separates/SDG_10/d_10_105.txt	9.169284040187221E-4	7.664346668280834E-5	0.1824796777474471	4.8424533857472024E-4	3.029542529335438E-4	0.7637844711213335	0.029442626833148786	2.7061406261914454E-5	3.1490727966763276E-4	0.0199649967164369	3.562352693675724E-4	3.053247935119233E-4	2.8655180857575135E-4	9.365390166416863E-5	1.1859382486913093E-4	2.6250783140624424E-4	5.010858546543313E-4	2.8153414944521E-4
36	file:/Users/mlafleur/Projects/SDG_LLM/LLMs/chatgpt-api/results/separates/SDG_10/d_10_139.txt	0.001235964322166175	7.137207539302722E-5	0.13936103371803646	6.883936591570882E-5	9.106738643714575E-5	0.6203129139274985	0.16268119721508567	2.520017441225594E-5	4.842988097418957E-4	6.331187274150156E-4	1.4068383629952638E-4	9.327488576102838E-5	7.579307088225055E-5	0.050524478951296074	3.014874195091109E-4	0.023361533471003264	8.452162345588211E-5	4.532210196910661E-4
37	file:/Users/mlafleur/Projects/SDG_LLM/LLMs/chatgpt-api/results/separates/SDG_10/d_10_475.txt	0.004634612609027976	0.0025167240885873854	0.14820760989574283	6.308992028611125E-5	4.336490324211607E-4	0.7759906786912981	0.03143108313915738	2.3095462512133994E-5	0.002895163291324573	0.004257210303869168	0.003280622089573763	8.54845919784475E-5	0.0054973701887630014	0.013912337610048568	4.514010549947392E-4	4.894260544514263E-5	0.006205744874948983	6.518055002052493E-5
38	file:/Users/mlafleur/Projects/SDG_LLM/LLMs/chatgpt-api/results/separates/SDG_10/d_10_50.txt	8.037846378768091E-4	8.655190624208015E-5	0.12382278646560708	8.34805252851421E-5	1.10436131347095E-4	0.7110049552725124	0.08537784487526948	4.939277699736398E-4	8.189862534356058E-4	0.0019261938123407488	1.7060529825033437E-4	3.4479707201649974E-4	9.191318493508142E-5	0.04644254893714651	1.3392559151118223E-4	7.598126235184491E-4	0.027209518860613267	3.179307821183323E-4
39	file:/Users/mlafleur/Projects/SDG_LLM/LLMs/chatgpt-api/results/separates/SDG_10/d_10_313.txt	7.730158893075265E-5	6.15324751095939E-5	0.12706612035533502	5.934893368930122E-5	0.05739808159463876	0.6308211871636455	0.10648756861569877	1.8643739689950468E-4	8.810889603247072E-5	3.81123392355886E-4	1.2128867778823914E-4	8.041568855655575E-5	2.3005538230372826E-4	0.0763365698308896	2.5992332483878484E-4	2.1075190490700197E-4	7.286918115918532E-5	6.131559722150912E-5
40	file:/Users/mlafleur/Projects/SDG_LLM/LLMs/chatgpt-api/results/separates/SDG_10/d_10_307.txt	5.510151472289914E-4	0.0016475868511115915	0.15921397455914874	0.004504337247672977	0.045182100031678905	0.6516376657927424	0.07679363243628003	2.0949598030280718E-5	0.005961497406464591	2.0867835338368623E-4	1.1695434212548574E-4	3.951926341282232E-4	6.983101770445536E-4	0.046131847381920214	4.094601113797154E-4	4.4395210102056844E-5	0.006264452949852842	2.1794976970486804E-4
41	file:/Users/mlafleur/Projects/SDG_LLM/LLMs/chatgpt-api/results/separates/SDG_10/d_10_44.txt	2.9019357069853656E-4	6.662902614424674E-4	0.2787644255409498	8.611745952969996E-4	2.916455803088434E-4	0.7157211783264399	0.0018782470501556255	2.6051258422045253E-5	1.0564984422790302E-4	2.5949584823668553E-4	1.4543514323699393E-4	9.64250529974713E-5	7.835282581193623E-5	9.015798997555375E-5	1.1416695603408525E-4	5.520636192627603E-5	4.8238132803922864E-4	7.352246579966175E-5
42	file:/Users/mlafleur/Projects/SDG_LLM/LLMs/chatgpt-api/results/separates/SDG_10/d_10_461.txt	1.0016922123288681E-4	0.026332476634485305	0.1533431173301188	7.690574735772976E-5	7.420491436728326E-4	0.7811486884781821	0.014195686990333462	4.5502689592347764E-4	1.1417358454517928E-4	9.207425203082188E-4	0.0018646641037037635	3.176414669123479E-4	8.467426570828904E-5	3.108687825320533E-4	0.0018308732255318584	5.966036464024184E-5	0.018023127048486694	7.945419632460492E-5
43	file:/Users/mlafleur/Projects/SDG_LLM/LLMs/chatgpt-api/results/separates/SDG_10/d_10_449.txt	8.997221926190336E-5	0.03342907522801936	0.14597664149802944	2.6078643703716356E-4	9.138163916970983E-5	0.6793912000850476	0.09614424006547442	2.528713445338558E-5	1.0255096981071225E-4	0.007345136752635445	1.4116930405823095E-4	9.359675606912421E-5	2.67764137649926E-4	0.034978646557323675	3.0252778367372674E-4	8.204251622058405E-4	4.6823233266951776E-4	7.13659374108089E-5
44	file:/Users/mlafleur/Projects/SDG_LLM/LLMs/chatgpt-api/results/separates/SDG_10/d_10_78.txt	0.0013547666038189832	0.008454801105577022	0.13286222254009505	7.545628324224245E-5	3.092351027618505E-4	0.7599343201004679	0.049737967956984985	4.4645087683670165E-4	7.402643730338242E-4	0.005929330228265125	3.636207416254414E-4	1.0224057275585518E-4	0.0023866347692984833	0.022502916716526357	7.492951628775442E-4	0.008644518811694273	0.005328001353259204	7.79567008791514E-5
45	file:/Users/mlafleur/Projects/SDG_LLM/LLMs/chatgpt-api/results/separates/SDG_10/d_10_93.txt	2.927958276150707E-4	0.019802535309923586	0.13160968402430764	7.180242617625599E-5	0.0030840919307825784	0.7422659134403155	0.042546914087094	2.6284868240657024E-5	0.008276816810298447	0.0012581910693642648	1.4673930585673982E-4	9.728972674088279E-5	2.783290882830399E-4	0.046322452816421604	7.130116711953447E-4	0.003044806135714812	8.815969682113817E-5	7.418176484852516E-5
46	file:/Users/mlafleur/Projects/SDG_LLM/LLMs/chatgpt-api/results/separates/SDG_10/d_10_87.txt	1.0114064287041532E-4	0.020984667288952135	0.1291849008575291	7.765156434736083E-5	7.492453920353648E-4	0.6902375127937604	0.14557699018316433	0.006493629827494424	1.1528081777606882E-4	0.001360685285817293	3.741997114503502E-4	1.0521510036181814E-4	9.475225873043805E-4	0.0024689514451248632	1.2457434415353208E-4	4.912525227730158E-4	5.263549074081978E-4	8.022472767697225E-5
47	file:/Users/mlafleur/Projects/SDG_LLM/LLMs/chatgpt-api/results/separates/SDG_10/d_10_501.txt	7.359240723171924E-5	0.004762820437069836	0.17694953638883243	3.7011721147416874E-4	2.3155325279956515E-4	0.7140813383737837	0.03583219783811307	2.068350777254598E-5	0.01874403508936459	0.04442588844449646	1.1546885247578529E-4	5.469811312554271E-4	2.1901657669043704E-4	0.0011692374352014164	4.0425937452492514E-4	3.5744735927614095E-4	0.001637452844230723	5.837347540713012E-5
48	file:/Users/mlafleur/Projects/SDG_LLM/LLMs/chatgpt-api/results/separates/SDG_10/d_10_267.txt	8.498663842113681E-5	0.010932835522152526	0.23169048850831586	2.463356223891494E-4	8.106636727132504E-4	0.711824918955977	6.356110814948207E-4	2.3885912453051205E-5	8.212140834109102E-4	5.684046984252614E-5	6.766060528070572E-4	2.694967592218469E-4	7.184024308819353E-5	2.637506061472375E-4	1.0467755041552479E-4	0.040976150511668565	8.011357640743518E-5	4.295842330741347E-4
49	file:/Users/mlafleur/Projects/SDG_LLM/LLMs/chatgpt-api/results/separates/SDG_10/d_10_273.txt	2.5094088467892615E-4	0.0027964044996472933	0.16266616688738209	4.031135839132825E-4	0.059515504179037074	0.7261646415409306	8.709953886279506E-5	0.015222626556416593	9.452973956360572E-4	5.3607822677092326E-5	1.2576303265247237E-4	8.338223361100747E-5	6.775452460580731E-5	0.030307373427710657	9.872429936793875E-5	4.7738939454576126E-5	0.0011002831159563691	6.357753745933095E-5
50	file:/Users/mlafleur/Projects/SDG_LLM/LLMs/chatgpt-api/results/separates/SDG_10/d_10_515.txt	0.008078957412052834	0.01704327070955623	0.12306235126246348	7.193143252698868E-5	8.936845921512797E-4	0.7585719075673774	0.06338505222131016	0.016196498179128847	1.0678876124660077E-4	6.266156214807133E-5	0.001344793030573549	2.970962058101992E-4	7.919747794968835E-5	8.8965662334968E-4	5.146610485908886E-4	2.554331726853784E-4	0.008073585294632465	0.0010724734464461233
51	file:/Users/mlafleur/Projects/SDG_LLM/LLMs/chatgpt-api/results/separates/SDG_10/d_10_529.txt	0.001757735264614976	0.0032249585903635007	0.1890485374851092	6.688429201211233E-5	8.848102515499787E-5	0.7435845659854607	0.002322157961890554	2.4484476312714925E-5	9.929582158883778E-5	2.4388917596481234E-4	1.3668834195775938E-4	9.062583034649098E-5	2.592648327856061E-4	0.048161435768580334	2.9292501951741647E-4	0.0011656320733172594	0.009363337398034998	6.910065698787395E-5
52	file:/Users/mlafleur/Projects/SDG_LLM/LLMs/chatgpt-api/results/separates/SDG_10/d_10_298.txt	8.178754568075122E-5	0.001284992748971426	0.15988341464081743	6.279306405416649E-5	0.03005749470908071	0.6574955430261817	0.10203677769893633	2.298679171424296E-5	2.6749193951558633E-4	5.4700863690177064E-5	1.2832728812404943E-4	2.5935228072498196E-4	6.913601093593302E-5	0.047829510136690685	2.750071647658934E-4	4.871231640105895E-5	7.709791694081001E-5	6.48738567740058E-5
53	file:/Users/mlafleur/Projects/SDG_LLM/LLMs/chatgpt-api/results/separates/SDG_10/d_10_299.txt	2.959808111184908E-4	7.525394223148663E-5	0.14452346676053734	8.7834873328546E-4	0.056499588136683945	0.6786270490668288	0.0194410985897887	0.0036525144266558946	3.0919809943432883E-4	2.646708934939278E-4	1.483355112134345E-4	9.834802793747404E-5	4.827980181568282E-4	0.09315784264177268	5.19326378475558E-4	5.63073252881083E-5	6.93442622439921E-4	2.764300146576336E-4
54	file:/Users/mlafleur/Projects/SDG_LLM/LLMs/chatgpt-api/results/separates/SDG_10/d_10_528.txt	0.0011889446500712995	6.200033096215353E-4	0.16732390354620622	6.622051652456871E-5	8.76029185944921E-5	0.7615669934110059	0.03354207698241534	0.0020458450824873656	9.831038643802179E-5	0.028727701249832184	5.028961047785163E-4	2.735085833145242E-4	7.290968236040295E-5	0.0010028054712968475	0.0010251465428662483	5.137119523907522E-5	0.0017353454811758423	6.84148857716158E-5
55	file:/Users/mlafleur/Projects/SDG_LLM/LLMs/chatgpt-api/results/separates/SDG_10/d_10_272.txt	8.127763280913998E-5	0.026388576448013283	0.1680653260104624	6.240157423328214E-5	8.255085152798837E-5	0.7024072257247135	0.0655516520816591	2.2843478195362083E-5	2.6582423348680217E-4	0.0035180281177452873	1.275272184380261E-4	4.3091873684770673E-4	6.870497535986018E-5	0.02830795311102293	4.464760189027706E-4	0.004031627150503611	7.661724204226264E-5	6.446939403674195E-5
56	file:/Users/mlafleur/Projects/SDG_LLM/LLMs/chatgpt-api/results/separates/SDG_10/d_10_514.txt	9.546344140026185E-4	0.007570583734795244	0.17374898125942334	6.289170524521047E-5	4.322865998755475E-4	0.7536547026204798	0.023128780540897727	2.3022901506735596E-5	2.6791214075764906E-4	5.478679289950628E-5	6.521599098739117E-4	8.52160176670749E-5	6.924461621846657E-5	0.00269783264270553	1.00895493857306E-4	0.0354811554247692	4.263063850588286E-4	5.886067999663957E-4
57	file:/Users/mlafleur/Projects/SDG_LLM/LLMs/chatgpt-api/results/separates/SDG_10/d_10_500.txt	6.579286915914912E-5	0.013370330765219922	0.09412951450848601	5.051301898144818E-5	7.677687440808403E-4	0.7700384277563078	0.0013331960527670154	1.849140926110144E-5	4.955583116425459E-4	1.8419240458805066E-4	0.001084554442796988	6.844333924731972E-5	4.761826511289515E-4	0.05656018013123693	9.221709670422762E-4	0.047142705135304205	0.013239790608608748	5.218688414055293E-5
58	file:/Users/mlafleur/Projects/SDG_LLM/LLMs/chatgpt-api/results/separates/SDG_10/d_10_266.txt	9.706987279664237E-4	0.007682851641574703	0.1786287610225207	0.0018157932665273395	3.207200329553807E-4	0.7077971565311761	0.016400151514684595	6.80223792572184E-4	0.0012021412825553974	0.022004547159720177	0.0010287010006028467	1.0603776728700725E-4	0.002258082090811466	0.03484983697295754	5.599320171605856E-4	0.021128316384077202	0.002485196797610008	8.085199724013563E-5
59	file:/Users/mlafleur/Projects/SDG_LLM/LLMs/chatgpt-api/results/separates/SDG_10/d_10_86.txt	9.231260369344664E-4	6.315687614617291E-4	0.20686547707571037	3.619583004844558E-4	1.2683306380936667E-4	0.745792857936788	0.011843353590848234	0.015467914662362118	6.745016436942491E-4	0.0022121841803927683	1.9593580846464416E-4	6.620736507936142E-4	1.0555993502845527E-4	0.003580544069017144	6.859762237055512E-4	0.008056867892422218	0.0017142148795079243	9.905228857440656E-5
60	file:/Users/mlafleur/Projects/SDG_LLM/LLMs/chatgpt-api/results/separates/SDG_10/d_10_92.txt	5.2115892599184105E-5	4.148452714272483E-5	0.18416497170145932	4.001240720677132E-5	2.7502557605668145E-4	0.7274507148109097	0.0791218418658197	1.4647427774095027E-5	5.9402061796871444E-5	0.0039214884595763074	8.177151068358219E-5	5.4215384781510374E-5	3.771941278894689E-4	5.0691702682086007E-5	5.083774132291762E-4	0.00358453256607737	1.6017425389243032E-4	4.133831042352272E-5
61	file:/Users/mlafleur/Projects/SDG_LLM/LLMs/chatgpt-api/results/separates/SDG_10/d_10_79.txt	9.700155315431253E-5	0.04575512261007852	0.11914431562240568	7.447374401413186E-5	9.252705695841159E-4	0.7700876589725828	0.001552219546697809	2.3395013369646766E-4	3.172504245396128E-4	6.487624359754205E-5	1.5219855488393015E-4	1.0090926714258208E-4	8.199659720633204E-5	0.06044706291392835	7.395383625247201E-4	5.777371492587878E-5	9.143956608519253E-5	7.694160295202518E-5
62	file:/Users/mlafleur/Projects/SDG_LLM/LLMs/chatgpt-api/results/separates/SDG_10/d_10_448.txt	8.61093513331345E-5	0.003187680791433478	0.16484585627956025	2.495898302161589E-4	8.745825919617096E-5	0.679762278193728	0.02926667940746242	2.420145643530639E-5	9.814804571263256E-5	0.04445942808524165	1.3510834011128448E-4	8.957827225020486E-5	7.27892860202894E-5	0.059897800725596015	4.730177177255893E-4	0.017114802132342656	8.117191391001102E-5	6.830191172496624E-5
63	file:/Users/mlafleur/Projects/SDG_LLM/LLMs/chatgpt-api/results/separates/SDG_10/d_10_306.txt	8.16594685804502E-5	0.004762920811660231	0.1613730116702416	4.10688764484823E-4	4.3093270146105854E-4	0.7285006874268198	0.03123420221044008	2.2950795015681104E-5	4.4107007066264046E-4	0.07174138593626081	3.0212334737820444E-4	8.494912567634069E-5	6.902774579931165E-5	2.534249469784704E-4	1.0057949458922366E-4	4.8636034221643185E-5	7.697718367318547E-5	6.477226605635068E-5
64	file:/Users/mlafleur/Projects/SDG_LLM/LLMs/chatgpt-api/results/separates/SDG_10/d_10_460.txt	9.884016438431663E-5	7.867729549847064E-5	0.13909345212354943	7.588535297947496E-5	1.003885011544546E-4	0.6831726303434161	0.14584607706588082	6.595945624080097E-4	3.23263732309584E-4	0.027865968066385055	1.5508339500349837E-4	1.0282194694766401E-4	8.355079772728507E-5	9.61391233294683E-5	1.2174085812346765E-4	0.001533103896911574	5.143827851615907E-4	7.839998882979625E-5
65	file:/Users/mlafleur/Projects/SDG_LLM/LLMs/chatgpt-api/results/separates/SDG_10/d_10_45.txt	1.0805687931261149E-4	0.004000156002040558	0.176469560566419	8.29615620287168E-5	5.702369085069366E-4	0.770362429723573	0.03925884288802144	0.001411831853239343	0.002195356897115691	7.630011967323658E-4	1.695447169849316E-4	1.1240995784679652E-4	9.134179938618357E-5	0.0010260785938691085	0.0022052859368138535	6.435822044267296E-5	5.623483012489858E-4	5.46197996417607E-4
66	file:/Users/mlafleur/Projects/SDG_LLM/LLMs/chatgpt-api/results/separates/SDG_10/d_10_51.txt	9.139138780437346E-5	0.03531949972116922	0.164831532608811	7.016649320667672E-5	4.822899085855987E-4	0.6879654470396414	0.060661409807396385	2.2041943350665133E-4	2.989019828793623E-4	0.003371592463095649	3.381294598775687E-4	9.50730959102466E-5	7.725425593960952E-5	0.042151315810100835	3.072996779021349E-4	0.003559634149824621	8.615108287453166E-5	7.249162147426952E-5
67	file:/Users/mlafleur/Projects/SDG_LLM/LLMs/chatgpt-api/results/separates/SDG_10/d_10_474.txt	8.6826235610705E-5	0.03281520712335991	0.09813597143161197	6.666155988549616E-5	8.818637350653035E-5	0.7309330071047839	0.10443783353004295	2.4402940285134237E-5	9.896515546617662E-5	0.003573188148300718	0.001431276379741728	9.032403625833983E-5	8.134199771417485E-4	0.026540336531728718	4.7695572166592633E-4	5.1713338819225285E-5	8.184769264903865E-5	2.5387671914177466E-4
68	file:/Users/mlafleur/Projects/SDG_LLM/LLMs/chatgpt-api/results/separates/SDG_10/d_10_312.txt	1.0437986079547254E-4	0.00875703008930258	0.1597889356017741	0.0020818176928435873	0.002107694169390211	0.7852937439804762	0.03369715435296092	2.9336472922574726E-5	1.1897290120324194E-4	6.981097781879736E-5	0.0012758193523868973	0.002110264002562086	3.1064236986931196E-4	0.0018807978274827744	7.95790467503562E-4	0.0013966209985385102	9.839480780258494E-5	8.279407436638404E-5
69	file:/Users/mlafleur/Projects/SDG_LLM/LLMs/chatgpt-api/results/separates/SDG_10/d_10_138.txt	1.0016922123288682E-4	0.03657744888918996	0.1731927510736091	5.03779591303757E-4	0.004157039895241051	0.7546825101535286	0.022519726947280997	2.4158997395046407E-4	1.141735845451793E-4	0.0019879271301732867	5.84042571865682E-4	1.0420454493933426E-4	9.384219536003437E-4	7.377426264780805E-4	1.233778497477499E-4	0.002620903428316407	7.347363686725945E-4	7.945419632460493E-5
70	file:/Users/mlafleur/Projects/SDG_LLM/LLMs/chatgpt-api/results/separates/SDG_10/d_10_104.txt	4.530666796507277E-4	4.3550082905152824E-4	0.18099197872553432	6.61111660573622E-5	8.745825919617094E-5	0.7061832058325946	0.05990761632198146	2.4201456435306388E-5	2.816267098714292E-4	0.0013419420079244361	3.185870042700812E-4	8.957827225020484E-5	6.232252784966792E-4	0.045036028928733485	2.895390535667925E-4	0.002253030335480127	0.0015490012271803843	6.830191172496623E-5
71	file:/Users/mlafleur/Projects/SDG_LLM/LLMs/chatgpt-api/results/separates/SDG_10/d_10_110.txt	8.362375694801898E-5	0.003095666609999517	0.13728013518452456	6.420283042828649E-5	2.6311617816312155E-4	0.7171589455430637	0.05176378139926759	2.3502867916221032E-5	2.734973980380741E-4	0.03426695941529683	3.093908129537522E-4	8.699254553079126E-5	7.068818273908306E-5	2.5952099051212524E-4	1.0299889719705374E-4	0.05439545330635563	4.3519374206365884E-4	6.633033900205216E-5
72	file:/Users/mlafleur/Projects/SDG_LLM/LLMs/chatgpt-api/results/separates/SDG_10/d_10_128.txt	9.646323438342219E-5	0.015081230096200654	0.11252244374450587	2.796007857348177E-4	0.005442023186952925	0.6990133781924863	0.1554933203295811	2.326518065632849E-4	1.0994947460728796E-4	6.451620709732382E-5	3.568942558343446E-4	1.0034926216438112E-4	8.154154977678127E-5	0.00667111804153286	1.1881320720533322E-4	4.685337753529574E-4	0.0033795775605452395	4.875952894749007E-4
73	file:/Users/mlafleur/Projects/SDG_LLM/LLMs/chatgpt-api/results/separates/SDG_10/d_10_114.txt	0.0013841741877146597	6.922941524796519E-5	0.17761435210834253	2.520874745626909E-4	0.002682739734569691	0.7130646633707173	0.048091024376516175	2.4443640304701767E-5	6.550744158411519E-4	5.816767529027244E-5	1.3646036868374684E-4	9.047468163140467E-5	6.294618911507486E-4	0.0503048873677464	8.483806726793353E-4	4.2242905671971496E-4	0.002861705216207405	8.102443460741872E-4
74	file:/Users/mlafleur/Projects/SDG_LLM/LLMs/chatgpt-api/results/separates/SDG_10/d_10_100.txt	0.0010040641286839594	0.053777011540315785	0.15241804377021662	8.094866698857709E-5	1.070867437571555E-4	0.7433588199850857	0.03561041912177029	2.5429031016534974E-4	3.4483292478445414E-4	7.051673724703172E-5	1.654310562539207E-4	5.589970726991479E-4	3.1378283270473305E-4	0.010886102214097042	3.5452105635271904E-4	6.2796697979096E-5	5.487040534945468E-4	8.363108740375593E-5
75	file:/Users/mlafleur/Projects/SDG_LLM/LLMs/chatgpt-api/results/separates/SDG_10/d_10_69.txt	0.0011453713959735283	0.008210292190241632	0.15747372084969097	5.949339370936964E-4	4.3848593058029497E-4	0.6911653418224992	0.08719730331568082	2.3353068068142253E-5	9.799412990469868E-4	0.002534227282997307	4.8446562548162125E-4	8.643808255414726E-5	4.243311820848135E-4	0.030355818080705272	0.015859505099196498	4.0358205212335255E-4	0.0013176538134418065	0.0013052349725398993
76	file:/Users/mlafleur/Projects/SDG_LLM/LLMs/chatgpt-api/results/separates/SDG_10/d_10_458.txt	9.540432476445719E-5	7.594234892345333E-5	0.15092763735382556	7.32474587189989E-5	9.689883891245705E-5	0.7588303774857885	0.014536840169677595	2.681385440466522E-5	3.1202657638161244E-4	2.6709204524820484E-4	1.4969245219948295E-4	9.924769430133872E-5	0.02000248377402458	0.020014634509623538	3.2079300878266545E-4	0.03400525950113082	8.993392142118407E-5	7.567468187087042E-5
77	file:/Users/mlafleur/Projects/SDG_LLM/LLMs/chatgpt-api/results/separates/SDG_10/d_10_316.txt	8.064911380798221E-5	0.029449553485212	0.1580016251224261	6.191902357632742E-5	8.191248674109881E-5	0.6937104791184721	0.0525001160932934	2.2666829840801445E-5	2.637686177418531E-4	5.393946161881564E-5	6.420736196860163E-4	8.389806869499975E-5	6.817368057437901E-5	0.06434817196740508	2.7117923572115356E-4	4.8034271191048135E-5	7.602476178938732E-5	2.3581504220756202E-4
78	file:/Users/mlafleur/Projects/SDG_LLM/LLMs/chatgpt-api/results/separates/SDG_10/d_10_470.txt	9.921628242600926E-5	0.012340549901846722	0.1696424603698746	7.617412071406528E-5	0.001157802684760924	0.7527881577746618	0.04830848173585163	2.78852238419099E-5	5.359002876367131E-4	0.0013347960995614072	3.6707997103159674E-4	3.146196516604299E-4	8.386873490008109E-5	0.008975575221753539	5.450169899991979E-4	0.0011161249719703545	0.0022075916519611345	7.869832554798231E-5
79	file:/Users/mlafleur/Projects/SDG_LLM/LLMs/chatgpt-api/results/separates/SDG_10/d_10_55.txt	8.053945097992209E-4	0.0011485527285716424	0.17596096881718262	6.49317210979524E-5	2.6610331947795E-4	0.7878320601635966	0.0024345719317012296	0.012818349147458491	9.639705227695111E-5	4.169745988346038E-4	0.0013941353737162879	8.088015440255215E-4	7.149070120299577E-5	0.001523904726745392	0.001185400303605086	0.0011316034663827787	0.011793071166774858	2.472887275499166E-4
80	file:/Users/mlafleur/Projects/SDG_LLM/LLMs/chatgpt-api/results/separates/SDG_10/d_10_41.txt	9.610766235397761E-5	0.01707346635071413	0.18398640392117316	2.7857015246346314E-4	9.761319432513122E-5	0.7380076411427164	0.04495184800530484	2.7011530891232152E-5	0.0011334576935915002	0.006617324810578045	0.001584274914971458	9.997936589219903E-5	0.0011051544828891166	0.0021413082983543627	1.1837525119565913E-4	5.724131734466418E-5	0.0025479893362041033	7.623256903653287E-5
81	file:/Users/mlafleur/Projects/SDG_LLM/LLMs/chatgpt-api/results/separates/SDG_10/d_10_464.txt	6.221620085772859E-4	0.0111856278476168	0.12310245847382964	2.4395011541269825E-4	8.548205832834567E-5	0.7131809356866244	0.11217445293942489	2.3654601974107803E-5	0.002068591019523315	0.027852872906283795	0.002463381747148367	6.2555254599359E-4	7.11445442712108E-5	8.186366021583895E-5	1.0366385607293566E-4	0.004354114528605515	0.0016933328937174367	6.675856637981998E-5
82	file:/Users/mlafleur/Projects/SDG_LLM/LLMs/chatgpt-api/results/separates/SDG_10/d_10_302.txt	6.465088753869076E-5	0.01589337397659608	0.156827623739162	4.9636253155486974E-5	6.566364735168529E-5	0.6569375329149073	0.07556040601720185	1.8170449713624173E-5	7.368953739949984E-5	0.0018340643645131515	1.0143932066426672E-4	6.72553528217062E-5	3.301616893975918E-4	0.05433865059810228	6.306531334436845E-4	0.03626826867862871	8.874783747414865E-4	5.128106466073451E-5
83	file:/Users/mlafleur/Projects/SDG_LLM/LLMs/chatgpt-api/results/separates/SDG_10/d_10_96.txt	9.385884424591232E-5	0.054472264388603184	0.13388337657649146	4.7204290512068694E-4	9.532914835410397E-5	0.6889404702361811	0.08969796130222989	2.6379489508610244E-5	3.069719732883396E-4	0.02746154147399336	1.4726754358848783E-4	6.97612956759326E-4	7.934002699565819E-5	2.912849304553937E-4	3.155963958745711E-4	5.590193078774139E-5	0.0028883510703362823	7.444880718576304E-5
