#doc name topic proportion ...
0	file:/Users/mlafleur/Projects/SDG_LLM/LLMs/chatgpt-api/results/separates/SDG_1/d_1_132.txt	9.012772434865522E-5	0.18942403678387473	0.053281163307384666	2.6123717191786183E-4	0.004316438649229726	0.6990013611696029	0.0319767223057323	2.5330839922352982E-5	0.002407218616865222	0.0035170145150583503	3.334541633095415E-4	9.3758525688587E-5	7.618606579199348E-5	0.0014319508387074676	8.791732632690036E-4	0.011000009097539086	0.0018133276777585264	7.148928399911401E-5
1	file:/Users/mlafleur/Projects/SDG_LLM/LLMs/chatgpt-api/results/separates/SDG_1/d_1_126.txt	8.711634271496219E-5	0.16323312644345364	0.06300962104398597	6.237572659787833E-4	8.848102515499786E-5	0.7252077578445605	0.02905206071229076	2.448447631271492E-5	4.705444708999518E-4	4.295135006203693E-4	0.0014360586145466582	0.0015756204275909455	2.592648327856061E-4	0.003982846500557759	4.785493441729734E-4	0.002650626670561715	0.007135845502168312	2.54724981643431E-4
2	file:/Users/mlafleur/Projects/SDG_LLM/LLMs/chatgpt-api/results/separates/SDG_1/d_1_456.txt	0.02217523347230533	0.17580617352957842	0.03530827513513636	8.301854432879832E-4	8.523372857381519E-4	0.7147175460150609	0.0012394723021749777	2.5113810415943187E-5	0.0033385715528581354	0.026143945889564105	1.4020169605237287E-4	0.0012353282187344554	4.563243180448968E-4	8.69136772990793E-5	0.015151303148623875	0.0019571747700029714	2.7462745731259805E-4	2.612722778095799E-4
3	file:/Users/mlafleur/Projects/SDG_LLM/LLMs/chatgpt-api/results/separates/SDG_1/d_1_330.txt	4.17239179591449E-4	0.22039945766528954	0.0019341956315414258	3.988224060952972E-4	0.015118835019700771	0.7138723794901444	8.617235698642054E-5	2.228765937007306E-5	0.008369896217034609	5.3037162920828914E-5	1.244242746508146E-4	8.24946227599611E-5	6.703327202425422E-5	0.0200155435870746	4.356125341819261E-4	0.017113158497983106	0.0014265096733953849	6.290074925532366E-5
4	file:/Users/mlafleur/Projects/SDG_LLM/LLMs/chatgpt-api/results/separates/SDG_1/d_1_324.txt	8.639467978099408E-5	0.17476698401722973	0.022172683422048138	6.63302293310403E-5	0.023466750271217744	0.7401860864465702	2.779684935543062E-4	0.0016810613338467339	2.8255989669445544E-4	2.418688228048351E-4	3.1964266122288924E-4	8.987509517346915E-5	0.0011775502672734146	0.02456755574452199	0.0023154514060699416	0.008151268096629874	8.144088186583885E-5	6.852823416447609E-5
5	file:/Users/mlafleur/Projects/SDG_LLM/LLMs/chatgpt-api/results/separates/SDG_1/d_1_442.txt	2.449175254164545E-4	0.22742497246422844	0.01074255508920089	0.010894794055831731	7.945479468169527E-5	0.7177356013748197	0.004752278412222901	2.1986737098803932E-5	5.892309321243589E-4	5.232106872435904E-5	1.2274432994656214E-4	8.138080148172716E-5	6.612820594561404E-5	0.00457667286134812	0.013764786811948223	5.466576496461694E-4	0.00824146540589312	6.205147944120141E-5
6	file:/Users/mlafleur/Projects/SDG_LLM/LLMs/chatgpt-api/results/separates/SDG_1/d_1_318.txt	6.81132095305565E-5	0.1373501706070159	0.004709135765123166	5.229447947591001E-5	0.04535072044441667	0.6498855062473758	0.04593608887785098	1.914355232738058E-5	0.03578038879606348	4.555524143706298E-5	2.520049569483899E-4	7.085715468414661E-5	5.7576927633547225E-5	0.04418672695843164	9.546934964822373E-4	0.03501765511031921	2.0934079745468006E-4	5.402737742921573E-5
7	file:/Users/mlafleur/Projects/SDG_LLM/LLMs/chatgpt-api/results/separates/SDG_1/d_1_495.txt	8.1151146515262E-5	0.20081763723333707	2.502072666676695E-4	6.230446333592794E-5	7.740779927423491E-4	0.7403926638596773	0.005275600977709339	3.6863573306236057E-4	6.112383555987208E-4	5.4275229399354206E-5	1.273287573771993E-4	8.442032582311623E-5	0.0012789953705669176	0.009070456415675	9.645229083990364E-4	0.03324780250806208	0.005782656781981902	7.560246740694573E-4
8	file:/Users/mlafleur/Projects/SDG_LLM/LLMs/chatgpt-api/results/separates/SDG_1/d_1_481.txt	1.2339930975692137E-4	0.13472081700052874	0.04113535366609848	0.04900060379303018	3.8826711398999786E-4	0.7259253300194992	0.0025005061305982635	3.468198253724205E-5	0.006451085332665793	6.084009940735217E-4	1.9361748351390097E-4	1.2837045911689933E-4	0.03139354584335576	1.200271320205772E-4	1.519902152655153E-4	0.006646864783657237	1.1632369763641776E-4	3.608150426549675E-4
9	file:/Users/mlafleur/Projects/SDG_LLM/LLMs/chatgpt-api/results/separates/SDG_1/d_1_522.txt	2.2846585855797023E-4	0.19224542446863194	0.003023841485179545	2.1151813719768066E-4	7.411763552907913E-5	0.723634667304267	0.05465677038212668	2.050983799393367E-5	0.0011716164410792947	2.0429791610101337E-4	7.364648042533074E-4	5.423883855270487E-4	5.28160341500921E-4	0.012354798712045423	8.988225192753682E-5	0.00983941976186092	2.2428156320681458E-4	2.133747130136271E-4
10	file:/Users/mlafleur/Projects/SDG_LLM/LLMs/chatgpt-api/results/separates/SDG_1/d_1_244.txt	1.0016922123288681E-4	0.17488457432770277	0.026134711834202726	0.0015709642011688257	5.286122216998188E-4	0.7585243747490427	0.002456656281817713	2.8153051977450453E-5	0.006517281243735588	0.007323850179498627	1.5716872791965466E-4	0.0011713891548044023	2.981111876813027E-4	0.014824579476696976	5.50251693693777E-4	6.999711305592825E-4	0.004149727120240811	7.945419632460492E-5
11	file:/Users/mlafleur/Projects/SDG_LLM/LLMs/chatgpt-api/results/separates/SDG_1/d_1_250.txt	0.008211742654627546	0.18411772593043507	0.0424994811446981	0.004334282786406452	2.9963469473536945E-4	0.7438494312849833	0.0045675648849610425	0.006722887747462877	9.201951905685296E-4	6.369146369421994E-5	1.4941908154913339E-4	0.0013165433304464314	0.0012979760465870577	7.013661504237131E-4	3.202071716736464E-4	5.6718642489671405E-5	4.955953106507392E-4	7.553648360706973E-5
12	file:/Users/mlafleur/Projects/SDG_LLM/LLMs/chatgpt-api/results/separates/SDG_1/d_1_536.txt	4.7668109867887135E-4	0.11493199213968036	0.006456670318329791	2.625987737130217E-4	0.0010572257388871901	0.7626806487627766	0.004924494102049165	0.001955880952622281	6.823890738287395E-4	6.059309462900007E-5	0.014620285999099293	9.424720720336493E-5	4.626667744017115E-4	0.0037559160530753664	0.06709709594647265	0.013373844264202735	0.006648824187972804	4.579455123770425E-4
13	file:/Users/mlafleur/Projects/SDG_LLM/LLMs/chatgpt-api/results/separates/SDG_1/d_1_278.txt	7.990760430422773E-5	0.22123681288422473	0.025615740116667313	6.134972352729823E-5	0.0019540656478827844	0.6985697573157544	0.0036623809650609524	2.2458424950117122E-5	0.010647460137899608	5.344352779475677E-5	4.659060153913248E-4	8.312668743181429E-5	0.0012593963285408352	0.00161010181091048	0.0026523848513688914	0.03188699950064024	7.532576981383109E-5	6.338268783637603E-5
14	file:/Users/mlafleur/Projects/SDG_LLM/LLMs/chatgpt-api/results/separates/SDG_1/d_1_287.txt	7.348337238176774E-4	0.2320104592538617	0.03631409335174783	2.8812876592125916E-4	0.01895200237944065	0.7040243502440842	0.0011670673207393708	2.7938381023629117E-5	1.1330299501495194E-4	0.0034554349575334816	1.559702944155208E-4	7.388382776171987E-4	8.40286126047364E-5	9.668892901273526E-5	1.2243707640967666E-4	9.064431885444681E-4	7.291339012315331E-4	7.884834697925607E-5
15	file:/Users/mlafleur/Projects/SDG_LLM/LLMs/chatgpt-api/results/separates/SDG_1/d_1_293.txt	9.884016438431663E-5	0.10306453018313468	3.047464937902258E-4	0.0021819355142808296	5.215985334147253E-4	0.756041965924443	1.0740590382714388E-4	2.777951401760358E-5	0.0011656837968301247	6.610593720718112E-5	0.0014187134917843104	1.0282194694766401E-4	5.047608299875557E-4	0.07212305463983576	5.429508903837384E-4	0.0451283422358496	0.016520364011051877	7.839998882979625E-5
16	file:/Users/mlafleur/Projects/SDG_LLM/LLMs/chatgpt-api/results/separates/SDG_1/d_1_17.txt	3.283565774284659E-4	0.16533728440724255	7.243140897891952E-4	4.7913557079799595E-5	6.338469798671769E-5	0.7350654220294229	6.781544397798662E-5	2.8348930866325256E-4	4.7005627321492383E-4	1.74713637570076E-4	9.791872616892236E-5	6.492116107657211E-5	0.043668469832792184	6.070166629513176E-5	7.6866448209317E-5	0.053227067397212495	5.8828717784668115E-5	1.8247602808463942E-4
17	file:/Users/mlafleur/Projects/SDG_LLM/LLMs/chatgpt-api/results/separates/SDG_1/d_1_6.txt	8.726212447126909E-5	0.1915824607504767	0.003987747810466784	0.0015544758259850952	0.00399326306375613	0.7597036873129674	0.007532222525721581	2.452544899186883E-5	0.007164990126580697	5.836235255976825E-5	5.087869804255887E-4	9.077748493049835E-5	6.315685925378913E-4	0.003431706600572414	1.0748025340693177E-4	0.019389207867105282	8.225858801076489E-5	6.921629103337804E-5
18	file:/Users/mlafleur/Projects/SDG_LLM/LLMs/chatgpt-api/results/separates/SDG_1/d_1_7.txt	8.003024087433182E-5	0.18082075292660557	0.027360308526565628	6.144387876741252E-5	4.223349539016178E-4	0.7627363144725641	0.007931139664412713	2.2492892560925934E-5	9.438466196887801E-4	5.3525549161810386E-5	1.2557002039657156E-4	7.653563339716763E-4	6.765053972753396E-5	0.016107241859792218	4.3962381903159096E-4	0.001241344294796403	7.575434440540771E-4	6.347996312710604E-5
19	file:/Users/mlafleur/Projects/SDG_LLM/LLMs/chatgpt-api/results/separates/SDG_1/d_1_16.txt	9.505650228315576E-5	0.11674039141523512	0.07138564797768925	2.7552334210495245E-4	0.0011092602026234518	0.7507977383214243	0.0013185519017890085	2.671609718668467E-5	0.006589719734489463	6.357536139490313E-5	1.491467075460339E-4	3.014287867385907E-4	8.035242195715484E-5	0.009611976426337014	3.1962347039355776E-4	0.040970286498837556	8.960604278697002E-5	7.539878918272439E-5
20	file:/Users/mlafleur/Projects/SDG_LLM/LLMs/chatgpt-api/results/separates/SDG_1/d_1_292.txt	4.471594953163352E-4	0.2052385732464265	0.026338478648738298	7.895949077319471E-4	0.005156737955455632	0.7167142525240621	9.235179615202317E-5	2.3885912453051202E-5	0.015489214787666447	5.6840469842526137E-5	0.0014009517665974538	4.5058318766944596E-4	7.184024308819351E-5	0.0018935284621756307	0.0035453196909199106	0.021418816239327836	8.044592901978328E-4	6.741137617893618E-5
21	file:/Users/mlafleur/Projects/SDG_LLM/LLMs/chatgpt-api/results/separates/SDG_1/d_1_286.txt	2.816817414682816E-4	0.19791584528109202	0.023665966330360087	6.907691483078525E-5	0.00469241017212279	0.7432304709797716	0.0016314456177299029	2.528713445338558E-5	0.004511869980557415	6.017490879306814E-5	1.4116930405823095E-4	9.359675606912421E-5	7.605461544354758E-5	0.0031548658710648693	1.1081826146734845E-4	0.019799667860637294	4.6823233266951776E-4	7.13659374108089E-5
22	file:/Users/mlafleur/Projects/SDG_LLM/LLMs/chatgpt-api/results/separates/SDG_1/d_1_279.txt	8.88985295011262E-5	0.1858934938170672	0.011260555301523948	2.576743238816429E-4	0.0014162433326585463	0.6826489423552922	0.08533638715838512	4.038288551431656E-4	1.0132717065196288E-4	5.945680731733657E-5	1.394846503112544E-4	9.247981264527862E-5	4.539904988541458E-4	8.64691671119203E-5	1.0949580400635971E-4	0.03149695696567592	8.380116295935075E-5	7.051428701366576E-5
23	file:/Users/mlafleur/Projects/SDG_LLM/LLMs/chatgpt-api/results/separates/SDG_1/d_1_251.txt	0.0021060590529622058	0.1597726046983261	0.005437229005806036	0.004973132081528868	0.0023301029685198478	0.7926332343517543	5.582432826450041E-4	2.9336472922574726E-5	0.022804670412426217	0.00740930134909682	1.637753567387125E-4	1.085848103953539E-4	7.554599681285858E-4	1.0152743444567722E-4	3.50972869244288E-4	6.216820376068833E-5	3.208036069322219E-4	8.279407436638404E-5
24	file:/Users/mlafleur/Projects/SDG_LLM/LLMs/chatgpt-api/results/separates/SDG_1/d_1_537.txt	7.811214447970176E-5	0.14785957240386025	7.401528614672553E-4	8.921637822604976E-4	7.933577564468029E-5	0.7880625915414792	8.488154112226511E-5	0.03930144158868035	0.003917118447073351	0.001883066277829904	4.554374806389216E-4	8.125889738943589E-5	7.317831797067817E-4	2.4241605311992224E-4	0.003092103412297085	0.0035417319219573835	0.008894874161352316	6.195852964052503E-5
25	file:/Users/mlafleur/Projects/SDG_LLM/LLMs/chatgpt-api/results/separates/SDG_1/d_1_523.txt	5.536302194161868E-4	0.13505452734809056	0.025211061155322304	0.0027712325644763673	1.0687066033163335E-4	0.79006269057953	0.029933464742727345	2.9573257620267024E-5	1.1993317214376485E-4	7.037444607628198E-5	1.6509724360756588E-4	1.0946123550519231E-4	8.894573403991367E-5	1.0234689706260944E-4	1.2960175465691128E-4	0.013963314050552905	0.0012202086686593982	3.0766627018062956E-4
26	file:/Users/mlafleur/Projects/SDG_LLM/LLMs/chatgpt-api/results/separates/SDG_1/d_1_245.txt	9.754591388202381E-5	0.16386129927667714	0.038752501788221205	7.489168146119957E-5	0.06577881268022817	0.6274612727515957	0.057679694493555256	2.741575855245748E-5	0.00115041989223264	6.524032105844363E-5	1.5305267436345457E-4	5.171701062382559E-4	2.903040263557627E-4	0.03605245870902237	1.2014673727434391E-4	0.007332752537174063	5.07647262388909E-4	7.737338971844536E-5
27	file:/Users/mlafleur/Projects/SDG_LLM/LLMs/chatgpt-api/results/separates/SDG_1/d_1_480.txt	9.075515751674183E-5	0.14491219766461408	0.011302351969258056	6.967802214580887E-5	0.047082977011531704	0.6941986401393253	0.02891190922246937	2.5507183098191904E-5	1.034433683532209E-4	2.540763293259023E-4	1.4239775934657252E-4	9.441123504337276E-5	4.634719996587819E-4	0.06661023085365242	1.1178260198211239E-4	0.005468631185384203	8.555133349383107E-5	7.198696380039568E-5
28	file:/Users/mlafleur/Projects/SDG_LLM/LLMs/chatgpt-api/results/separates/SDG_1/d_1_494.txt	8.755515661903522E-5	0.2185306736782637	0.002508664272280295	6.722119501313735E-5	8.89267131037182E-5	0.7387483479571638	9.514290865431603E-5	0.03659023713635229	2.8635531808272186E-4	5.8558337308281964E-5	3.239361883907578E-4	9.108232189772978E-5	4.471301095056368E-4	4.5828117169311984E-4	2.9440051271891236E-4	6.118254810271016E-4	8.253481794285806E-5	6.2912672398262E-4
29	file:/Users/mlafleur/Projects/SDG_LLM/LLMs/chatgpt-api/results/separates/SDG_1/d_1_319.txt	7.562009743997934E-5	0.18519689181224147	0.03503691944267958	5.8057954702123784E-5	0.0024937328604332266	0.6968579712931385	0.030052082833551805	2.1253400072043786E-5	0.0012140921327904908	5.057597226903635E-5	1.1865036358992731E-4	7.866645806979753E-5	6.392259163753295E-5	0.004101767216061304	9.314083612738393E-5	0.04322748897893916	0.00119918391758281	5.998183867390656E-5
30	file:/Users/mlafleur/Projects/SDG_LLM/LLMs/chatgpt-api/results/separates/SDG_1/d_1_325.txt	2.036691870415568E-4	0.1785879397720815	0.005883792783339312	0.01307975851844923	0.039571356271760304	0.6815503207470595	7.069191731979936E-5	1.828379109659656E-5	0.018371332910738062	4.350929772835155E-5	3.79302122699315E-4	2.0628989813586114E-4	1.9360610293651142E-4	0.03236057796987634	0.01435747473492292	1.773610101485099E-4	0.014893132025325412	5.1600939340808385E-5
31	file:/Users/mlafleur/Projects/SDG_LLM/LLMs/chatgpt-api/results/separates/SDG_1/d_1_443.txt	0.020000887958005333	0.17726972046803402	0.029769556914981843	2.5083243501899336E-4	2.7228580652835055E-4	0.7353295065914881	9.403766163626541E-5	2.4321945503214557E-5	0.011346556537378802	0.02421324694714507	1.3578098880125667E-4	9.002424551454548E-5	7.315167384805215E-5	2.6856532618386406E-4	1.0658842033439525E-4	5.154169923190255E-5	8.157603538400094E-5	6.218183449820984E-4
32	file:/Users/mlafleur/Projects/SDG_LLM/LLMs/chatgpt-api/results/separates/SDG_1/d_1_457.txt	8.077403875079975E-5	0.21124372640012198	0.025893490398442975	0.010560747796391974	2.5414974340511E-4	0.655715976981696	0.04277114706359865	2.2701940610009137E-5	4.36287568347603E-4	5.402301348740012E-5	1.2673706317313478E-4	8.402802624740608E-5	4.1250003068357975E-4	0.029509440782066527	9.948891579525653E-5	0.02242245739539488	2.482528984064671E-4	6.40699433802749E-5
33	file:/Users/mlafleur/Projects/SDG_LLM/LLMs/chatgpt-api/results/separates/SDG_1/d_1_331.txt	2.4273264935441335E-4	0.16261969108969648	5.69449330545103E-4	0.0012159337782496414	0.001565556742030708	0.7701444046493158	2.494517219383858E-4	2.1790596395978E-5	8.837089854054889E-5	0.020371601274595846	1.2164934440889789E-4	8.065481437743638E-5	2.3073947993602922E-4	0.02601200030114585	9.549504367093855E-5	0.016235894492674385	7.308586652337685E-5	6.149792660003663E-5
34	file:/Users/mlafleur/Projects/SDG_LLM/LLMs/chatgpt-api/results/separates/SDG_1/d_1_127.txt	0.0010799786906468003	0.18619894576586754	0.02695174309210978	6.0151451731474446E-5	0.0017489605502535792	0.6964441841305503	0.05267080753647741	2.2019771022290112E-5	8.930030713872906E-5	5.239967839587095E-5	0.010807001571816462	0.0014170121749991558	0.001902552576903866	0.0057521195383765465	0.0034352721356496283	0.011064613161236128	7.385452038877923E-5	2.290833464358241E-4
35	file:/Users/mlafleur/Projects/SDG_LLM/LLMs/chatgpt-api/results/separates/SDG_1/d_1_133.txt	5.191079673287374E-4	0.12095561335424362	3.661413346503253E-4	2.035425609337342E-4	2.20951291097944E-4	0.735701306388669	6.748220215559299E-4	1.973648692698035E-5	0.008459228746632212	4.958513096947364E-4	0.014324876244010425	3.7230854004152426E-4	0.002303785674604027	0.06096704674366689	0.024326287577934078	0.029817868262025964	2.1582472477370507E-4	5.570077120982557E-5
36	file:/Users/mlafleur/Projects/SDG_LLM/LLMs/chatgpt-api/results/separates/SDG_1/d_1_125.txt	2.588999275970116E-4	0.15706400707017257	0.051178060002235855	2.3969459048096302E-4	0.008894214291810233	0.7039117150385535	2.660665259517702E-4	0.0012566732418160674	0.0185957260145389	5.530809149529629E-5	3.059563022056579E-4	8.60268515925092E-5	7.747213538577263E-4	0.054351411774541704	0.0025687180715482944	4.925306605243603E-5	7.79537717797463E-5	6.559401376972749E-5
37	file:/Users/mlafleur/Projects/SDG_LLM/LLMs/chatgpt-api/results/separates/SDG_1/d_1_131.txt	7.882055838932639E-5	0.20647079681430078	0.03467235540535421	6.051513504324393E-5	0.013347944923418814	0.6855396567551405	9.253911983915195E-4	2.2152905352705647E-5	0.01016671843308224	2.2066446358471342E-4	6.275158999415914E-4	8.199584980029174E-5	6.662798035353351E-5	0.004611261792603907	7.688747056761018E-4	0.041530093801701945	7.460929345230377E-4	6.252044334177599E-5
38	file:/Users/mlafleur/Projects/SDG_LLM/LLMs/chatgpt-api/results/separates/SDG_1/d_1_119.txt	7.662009791433374E-5	0.1468311089621895	0.06619299793390744	2.2208502251514872E-4	7.782035608540533E-5	0.706236483232802	0.029469935843361942	0.0021439054745288916	0.0022097031471758526	0.0020103564993539393	6.099973240336352E-4	7.970674362944014E-5	6.476790424785103E-5	0.04252194666084955	9.106690768472817E-4	2.088939155451539E-4	7.222676626163036E-5	6.077503875109721E-5
39	file:/Users/mlafleur/Projects/SDG_LLM/LLMs/chatgpt-api/results/separates/SDG_1/d_1_441.txt	0.007273664830814896	0.23441382777324296	0.02390683509627107	5.764001934273704E-5	0.0176728029174101	0.6804838032030058	0.013838885590374087	2.110040557813036E-5	0.015762499211649517	5.0211896626774344E-5	1.1779624837690016E-4	7.81001705628785E-5	2.234310856418656E-4	0.004232208925799558	9.2470353520475E-5	0.0014844326112538955	2.307396064640106E-4	5.9550054064347445E-5
40	file:/Users/mlafleur/Projects/SDG_LLM/LLMs/chatgpt-api/results/separates/SDG_1/d_1_327.txt	9.809641886076334E-5	0.1511997406997444	0.001765595250914441	0.04668683461394997	9.963310481517355E-5	0.7338403531116175	0.0335498409520336	0.026573144809262206	3.208312600921407E-4	0.002155811210933853	1.5391643437034103E-4	1.0204823958647418E-4	7.09982911466913E-4	0.0017675778648400585	1.2082479106887632E-4	5.842581231143284E-5	7.195324640287802E-4	7.781005010294362E-5
41	file:/Users/mlafleur/Projects/SDG_LLM/LLMs/chatgpt-api/results/separates/SDG_1/d_1_333.txt	2.6222672508057946E-4	0.13588131464501138	0.020068265182142667	2.4277460432197922E-4	4.420074502268384E-4	0.7465089057692159	0.05256079990965514	2.3540618642228386E-5	2.739366944411286E-4	5.601878624641222E-5	1.3141911183924871E-4	8.713227451036608E-5	0.0025693628256189165	0.007755621144536405	1.0316433586441154E-4	0.032888117584971385	7.895545769831152E-5	6.643687997665014E-5
42	file:/Users/mlafleur/Projects/SDG_LLM/LLMs/chatgpt-api/results/separates/SDG_1/d_1_455.txt	4.974221242331058E-4	0.21360304584372344	0.009960669599974492	0.021626803984090816	2.9746177770633065E-4	0.7096490112864794	0.022261276973393307	2.657079059282292E-5	0.016223061835488918	2.6467089349392777E-4	1.4833551121343447E-4	9.834802793747403E-5	8.856806443860584E-4	0.003919340931998196	3.1788506536094285E-4	5.6307325288108286E-5	8.911868309607571E-5	7.498870154301846E-5
43	file:/Users/mlafleur/Projects/SDG_LLM/LLMs/chatgpt-api/results/separates/SDG_1/d_1_469.txt	0.0011878905469586345	0.05524786000086879	0.008784758570612195	5.126423525740766E-4	1.0352821396317038E-4	0.8259495060629386	0.004454601470113024	0.001766182887533236	0.0014193331015476076	6.81734415069237E-5	0.011236716493236735	0.02464871331340678	0.005950343013679043	3.163377531960818E-4	1.2554837917616487E-4	9.294772178016375E-4	0.057000343364654815	2.98043816232346E-4
44	file:/Users/mlafleur/Projects/SDG_LLM/LLMs/chatgpt-api/results/separates/SDG_1/d_1_482.txt	0.0027138440033928155	0.1716362900017495	0.05973345141029179	8.52582932219123E-5	1.1278793510850174E-4	0.6849747381494344	0.003196703307920886	0.001687535189049096	5.998092716100304E-4	7.841243362457483E-4	1.7423844056749875E-4	1.1552194670403577E-4	0.05853846369750087	0.014305080863421072	1.3677761743804756E-4	6.613993150035622E-5	8.145342957231525E-4	3.247013091200693E-4
45	file:/Users/mlafleur/Projects/SDG_LLM/LLMs/chatgpt-api/results/separates/SDG_1/d_1_496.txt	0.0015961093543587384	0.19832811086161592	0.0554908632091133	2.5636318333224973E-4	8.983169593412309E-5	0.7347704560921214	6.614848418303457E-4	2.4858234038055877E-5	1.0081158120480441E-4	5.9154269486493074E-5	1.3877490174847167E-4	9.200924176909305E-5	7.476463708670332E-5	8.602918058332551E-5	1.0893864958577766E-4	0.007779451932668301	2.7183264881297677E-4	7.015548470995763E-5
46	file:/Users/mlafleur/Projects/SDG_LLM/LLMs/chatgpt-api/results/separates/SDG_1/d_1_535.txt	5.0942866172415E-4	0.18925747823543682	0.0073128449805415	0.0017247643242068514	9.833816067289696E-5	0.7750532240398631	0.0015493374902722401	2.7212143636600907E-5	0.008981412879934713	6.475578576983021E-5	5.645231773886712E-4	7.196327273843727E-4	7.007551732163979E-4	5.067827868860836E-4	0.0015633796666432336	5.7666444593737076E-5	0.010200146542591854	0.0011083167792367947
47	file:/Users/mlafleur/Projects/SDG_LLM/LLMs/chatgpt-api/results/separates/SDG_1/d_1_253.txt	8.874723359986251E-5	0.16628898725824298	8.452834696683265E-5	0.0015809313615721121	4.6833619893946107E-4	0.7461591296747411	0.03167603265832889	0.027255251759122252	0.01749829652798749	5.935561811544743E-5	7.065453645312637E-4	6.596205241309159E-4	7.50191201071574E-5	0.00197731568023633	0.0018112037607777623	5.285747709938476E-5	0.0027310496865478994	8.267917489530922E-4
48	file:/Users/mlafleur/Projects/SDG_LLM/LLMs/chatgpt-api/results/separates/SDG_1/d_1_247.txt	8.874723359986251E-5	0.20524345695310067	0.00916129798460357	2.5723578941675405E-4	0.0031157273432501757	0.7268709941947631	4.7463702895261166E-4	2.494284621204159E-5	8.575521923201414E-4	0.04771239621570831	1.3924726217896788E-4	9.232242177861994E-5	8.314165899102192E-4	0.0029228125174901574	1.0930945372087468E-4	0.0019438511516070385	8.36585422371855E-5	7.039427915003104E-5
49	file:/Users/mlafleur/Projects/SDG_LLM/LLMs/chatgpt-api/results/separates/SDG_1/d_1_521.txt	5.791627769782695E-4	0.13761980214002004	0.014598283888286026	0.006737696967311883	0.005755487859601824	0.7308335435357894	2.5207523917119976E-4	0.012709356250625067	0.002259502599702362	5.239967839587095E-5	1.229287468878116E-4	7.492576234411155E-4	6.622756011925378E-5	0.046318208545527526	2.6343801574893314E-4	0.03944418160245286	7.385452038877923E-5	0.0015645924495519057
50	file:/Users/mlafleur/Projects/SDG_LLM/LLMs/chatgpt-api/results/separates/SDG_1/d_1_509.txt	7.954193938112272E-5	0.11955028478427542	0.06905618104506558	6.106898126088371E-5	8.07879683641686E-5	0.7436762773440343	0.01144193442517729	2.235565302616883E-5	9.066246327007023E-5	5.3198965044419174E-5	2.9428892203851924E-4	8.274629167308272E-5	6.723777251348511E-5	2.4685333030751154E-4	9.797134613628027E-5	0.054960535054094595	7.498107180834549E-5	6.30926425287275E-5
51	file:/Users/mlafleur/Projects/SDG_LLM/LLMs/chatgpt-api/results/separates/SDG_1/d_1_290.txt	7.834686330973902E-5	0.1761826274924969	0.03613336817603284	6.0151451731474446E-5	0.00258365373970113	0.7082968274207055	0.04966591205446622	2.2019771022290112E-5	0.022626016422222606	5.239967839587095E-5	1.229287468878116E-4	8.150307188307462E-5	0.0017356139390143559	0.0014117149532492808	9.649937785942298E-5	7.144176120864939E-4	7.385452038877923E-5	6.21447085463139E-5
52	file:/Users/mlafleur/Projects/SDG_LLM/LLMs/chatgpt-api/results/separates/SDG_1/d_1_284.txt	8.295857762931866E-5	6.603546814123246E-5	4.3254509448082865E-4	6.369213350959308E-5	8.42581284439286E-5	0.5868349520251819	0.03473610963750478	2.000810265045229E-4	2.713218821376541E-4	5.548406923158635E-5	3.06929785397903E-4	4.3983079042981627E-4	9.539514510660851E-4	0.36757535627897997	9.860051522085304E-4	4.940977807837873E-5	0.006795276002108639	6.580271896539234E-5
53	file:/Users/mlafleur/Projects/SDG_LLM/LLMs/chatgpt-api/results/separates/SDG_1/d_1_28.txt	0.005348247960666084	0.1051389978534721	0.005571046377146804	8.211081478985424E-5	0.0010201544366455861	0.7788701272030997	0.004218103549996385	0.017804899159017038	0.03544369976198051	5.272942635438875E-4	1.678060841010819E-4	1.11257225678787E-4	0.001229817979094738	0.0014713215950859276	8.153759196494352E-4	0.012141474602520484	0.029953433467863912	8.483174564755884E-5
54	file:/Users/mlafleur/Projects/SDG_LLM/LLMs/chatgpt-api/results/separates/SDG_1/d_1_14.txt	5.803169059940052E-5	0.1797122721102401	0.0028992645751686323	4.1550973721250805E-4	0.0015427624691392952	0.7437479930993794	0.0025360970455259152	0.02116076944258776	4.3710035726877E-4	3.881255478161917E-5	9.105358790131334E-5	6.0369501095666023E-5	4.905489659234368E-5	0.03319513066787282	3.18780915407074E-4	0.013512610618020175	5.470420251063183E-5	1.6968252869654435E-4
55	file:/Users/mlafleur/Projects/SDG_LLM/LLMs/chatgpt-api/results/separates/SDG_1/d_1_5.txt	8.755515661903522E-5	0.206777435679581	8.296302724684847E-4	8.134585282628309E-4	0.001021723379665835	0.7275547879584184	0.026773127572330854	0.02446388047104477	9.979598477029849E-5	5.8558337308281964E-5	1.373768550783343E-4	0.007740014987707086	7.401144288079032E-5	0.0026969931714422007	1.0784117940648903E-4	5.214748108983162E-5	6.422128178801281E-4	6.944872404534986E-5
56	file:/Users/mlafleur/Projects/SDG_LLM/LLMs/chatgpt-api/results/separates/SDG_1/d_1_4.txt	5.7143580506818E-4	0.1525842938561955	0.02033312966965073	5.934893368930122E-5	7.851252269717368E-5	0.6991764203959896	0.09594603867143366	2.172599152036224E-5	7.469545175490401E-4	3.81123392355886E-4	1.2128867778823914E-4	0.0017275297423479804	5.59478193062013E-4	0.026758436811767726	2.599233248387848E-4	4.604049952785956E-5	5.670033972966127E-4	6.131559722150912E-5
57	file:/Users/mlafleur/Projects/SDG_LLM/LLMs/chatgpt-api/results/separates/SDG_1/d_1_15.txt	0.021650936462894614	0.13019769073656878	0.031021943630053964	6.756150922634626E-5	2.7688072285885894E-4	0.8084896782580131	2.8312838853874486E-4	2.122361957959244E-4	1.003012122068514E-4	4.338624131619466E-4	1.3807233953587719E-4	9.154343551982185E-5	7.438613342218145E-5	8.356088855058946E-4	6.708985638411015E-4	0.005302518138555446	8.295265894709898E-5	6.980031535337758E-5
58	file:/Users/mlafleur/Projects/SDG_LLM/LLMs/chatgpt-api/results/separates/SDG_1/d_1_29.txt	0.010243737964226653	0.1121036147508804	0.02804735858819061	0.0013170479209704366	5.128498250154777E-4	0.8021695746721538	0.001969257473341428	0.0035475471588739213	9.390593611361519E-4	6.499715040845608E-5	0.017960722700379336	3.081698909643525E-4	8.214941041690447E-5	9.452659357356108E-5	0.01979159248939328	2.6495394904309266E-4	9.160997771375885E-5	4.912301233184153E-4
59	file:/Users/mlafleur/Projects/SDG_LLM/LLMs/chatgpt-api/results/separates/SDG_1/d_1_285.txt	3.076955205724719E-4	0.1736826180418764	5.124376177361381E-4	7.545628324224245E-5	9.982088611254844E-5	0.7021359963052606	0.0801030293711338	2.762244353809742E-5	1.1202172308591786E-4	6.573216208466615E-5	1.5420652497613913E-4	1.0224057275585518E-4	2.9249260280546217E-4	0.041769024648262154	3.304667295789399E-4	5.853592907288853E-5	9.264593702664895E-5	7.79567008791514E-5
60	file:/Users/mlafleur/Projects/SDG_LLM/LLMs/chatgpt-api/results/separates/SDG_1/d_1_291.txt	8.568487498033435E-5	0.21933982634043706	8.161156746364881E-5	6.578527082980641E-5	2.69601338830359E-4	0.699233163311599	4.5825895452931433E-4	2.4082155269973403E-5	0.00995667131795969	6.050300783045835E-4	1.3444232306951805E-4	8.91366958394408E-5	0.0028110435524729407	0.005012846879988145	0.005582763727334745	0.05537101779547781	8.110685984048335E-4	6.796521720887208E-5
61	file:/Users/mlafleur/Projects/SDG_LLM/LLMs/chatgpt-api/results/separates/SDG_1/d_1_508.txt	4.385820005262121E-4	0.2490794916208177	0.03276014818924616	0.008589411762386544	0.003281692513513812	0.687336183325894	9.058028719683014E-5	3.7865331979959735E-4	6.278486098284711E-4	0.014087161000566506	1.3078888551120983E-4	8.671442772499505E-5	2.480749861078748E-4	0.0016795936590953994	2.802824022320177E-4	7.600979074459006E-4	7.85768232098613E-5	6.611827889703502E-5
62	file:/Users/mlafleur/Projects/SDG_LLM/LLMs/chatgpt-api/results/separates/SDG_1/d_1_246.txt	4.4862180307710835E-4	0.1784762759154659	0.021155931160014425	4.288198129073539E-4	0.03188035874269489	0.6872643038329838	9.265380639590474E-5	2.3964024526079053E-5	2.7886377006270606E-4	5.702635040873869E-5	1.3378284008483315E-4	8.869945157829585E-5	7.987896562654024E-4	0.036782015753665506	1.0501986852786423E-4	0.04092847272026204	9.887686651959742E-4	6.763182588331095E-5
63	file:/Users/mlafleur/Projects/SDG_LLM/LLMs/chatgpt-api/results/separates/SDG_1/d_1_520.txt	8.178754568075122E-5	0.21511418256918044	0.04050852056841064	0.0051166206963166455	4.316085889213554E-4	0.6595867820464283	0.02936622174536897	2.298679171424296E-5	2.6749193951558633E-4	5.4700863690177064E-5	1.2832728812404943E-4	4.3362219907886054E-4	2.4340592928981164E-4	0.035456345933565316	1.007372464120149E-4	0.012421876519526438	5.999076720024457E-4	6.48738567740058E-5
64	file:/Users/mlafleur/Projects/SDG_LLM/LLMs/chatgpt-api/results/separates/SDG_1/d_1_534.txt	7.137631627506847E-5	0.2141939751508389	0.03322274223996303	5.479975664394646E-5	2.245804808953053E-4	0.7295350901771325	0.004944315587686067	3.2423276568744876E-4	6.896994308284058E-4	0.0020248563188243938	2.640777851169089E-4	5.305098676559496E-4	3.6450737277582423E-4	0.004023663104987795	3.920858966115699E-4	0.006125953455602009	2.1936970921473207E-4	0.0027941645832599126
65	file:/Users/mlafleur/Projects/SDG_LLM/LLMs/chatgpt-api/results/separates/SDG_1/d_1_252.txt	8.47105197625734E-5	0.16359869492828294	0.03960976412096692	0.0015090218806317124	8.603751484987319E-5	0.7331574734521842	0.0013555383425378862	2.3808307946888516E-5	9.655364762687117E-5	5.665579711541745E-5	3.1341161329750993E-4	8.812308865725069E-5	9.740972610348846E-4	0.05495381340937198	1.0433745666267846E-4	0.002757924500665554	0.001162841799463372	6.719235894154171E-5
66	file:/Users/mlafleur/Projects/SDG_LLM/LLMs/chatgpt-api/results/separates/SDG_1/d_1_497.txt	6.901467806569603E-5	0.20637163919728418	5.068957164038865E-4	4.941484635496632E-4	0.0024229591257392204	0.7406898100362429	0.0016925892037588826	0.03090072810544816	7.866341660650833E-5	4.615815850776384E-5	1.0828624826933113E-4	2.1884889699106379E-4	5.833894999263697E-5	0.004625801388520879	8.5004979333744E-5	0.011511313578524715	6.505743475877466E-5	5.474242200168881E-5
67	file:/Users/mlafleur/Projects/SDG_LLM/LLMs/chatgpt-api/results/separates/SDG_1/d_1_483.txt	8.512537387045701E-5	0.14553615703626033	8.107866404766996E-5	2.467377501105258E-4	2.678409085521493E-4	0.7255022900857409	0.02729980868696373	2.3924904732992622E-5	0.02458360202024041	6.010793810502748E-4	0.0021287668975381044	0.0011768469004781778	0.013494228543074225	0.03255018443962925	0.003188343125047334	0.022904837463803066	2.616263977646637E-4	6.752142109584575E-5
68	file:/Users/mlafleur/Projects/SDG_LLM/LLMs/chatgpt-api/results/separates/SDG_1/d_1_468.txt	2.80231220646013E-4	0.12976242277852407	0.022590486810640506	2.594435166365871E-4	0.040333319228043986	0.6810421758907748	4.787106032042165E-4	2.5156918292164234E-5	0.08287550696362847	5.9865037951857474E-5	1.4044235237888438E-4	4.745594064410623E-4	7.566297201378369E-5	0.0269789090751143	4.91692229654773E-4	0.013403873075047637	6.56543482666912E-4	7.099843834013607E-5
69	file:/Users/mlafleur/Projects/SDG_LLM/LLMs/chatgpt-api/results/separates/SDG_1/d_1_332.txt	9.012772434865522E-5	0.11414401700937052	0.036765648765018956	4.5327803868955627E-4	2.835804470241426E-4	0.7523887221321339	9.793842163102474E-5	0.05053207880087799	0.02218742789434975	0.008510077051122406	1.4141329653784705E-4	0.0012460037263187537	7.618606579199348E-5	8.766477130560668E-5	0.007600603600278307	0.0038944970269863943	0.0014292459442151373	7.148928399911401E-5
70	file:/Users/mlafleur/Projects/SDG_LLM/LLMs/chatgpt-api/results/separates/SDG_1/d_1_454.txt	0.021670254983032804	0.11838608333178277	0.03764680973641491	0.00108127804412609	2.5103888287779873E-4	0.7150113032267108	0.06162803840224509	0.007672590470694521	0.001620973178018862	3.933691533244139E-4	6.351968616346233E-4	2.530031987863904E-4	6.74435245729345E-5	0.0014376346036001264	0.0031583377081295517	0.02792812627723717	5.852216127378574E-4	5.732968040733125E-4
71	file:/Users/mlafleur/Projects/SDG_LLM/LLMs/chatgpt-api/results/separates/SDG_1/d_1_440.txt	2.268783652797765E-4	0.22210061885791252	0.02462036220697765	0.014107033173029047	3.8242451343634674E-4	0.6940551575729121	0.0037846102390042867	4.836001511407278E-4	0.0274133355904887	3.5728929545354943E-4	5.769365423032399E-4	7.538677836115282E-5	2.1566853965721065E-4	0.010261609243022744	0.0010157233569843458	4.3161290984936236E-5	2.227231444730008E-4	5.7481138578683394E-5
72	file:/Users/mlafleur/Projects/SDG_LLM/LLMs/chatgpt-api/results/separates/SDG_1/d_1_326.txt	8.825426460447947E-4	0.19805212495159058	0.013949308778742654	0.007480819370862607	3.9964132248727685E-4	0.675763323522523	0.06850001222792779	0.024225666115855984	0.002022668042107474	0.006505151248613558	1.1882267511234748E-4	7.242308851227741E-4	3.8674051538333426E-4	3.9638551008571967E-4	9.327610110919271E-5	4.5104418789694404E-5	3.9411271956782585E-4	6.0068948073547195E-5
73	file:/Users/mlafleur/Projects/SDG_LLM/LLMs/chatgpt-api/results/separates/SDG_1/d_1_118.txt	8.697104723778927E-5	0.17797137439493302	0.020282142641933582	0.011370971535793008	2.736481879697887E-4	0.7493863513040696	0.0232588499731018	2.0975837465854035E-4	0.007882349055640859	2.4348240964411106E-4	1.3646036868374684E-4	2.757894159852433E-4	8.147766255045874E-4	0.00694123952894817	6.630659383254964E-4	5.17995880120378E-5	8.198420089982522E-5	6.898540865883349E-5
74	file:/Users/mlafleur/Projects/SDG_LLM/LLMs/chatgpt-api/results/separates/SDG_1/d_1_130.txt	4.007831792258032E-4	0.2613723051615972	0.029612131564457283	5.84819950458965E-5	2.396710382577065E-4	0.704706833947782	0.0010566060174614605	2.1408629430692872E-5	8.682184667791681E-5	5.094536614068813E-5	1.1951695527789784E-4	7.924101761283424E-5	6.438946577858551E-5	7.409081612615697E-5	9.382111279874399E-5	0.0018307272100514206	7.180474570713701E-5	6.0419930570562236E-5
75	file:/Users/mlafleur/Projects/SDG_LLM/LLMs/chatgpt-api/results/separates/SDG_1/d_1_124.txt	8.814716496690103E-5	0.15596139898494307	0.0027134474879485972	2.554964774152099E-4	0.0014042733370021048	0.6768792383175488	0.06376702491314995	2.477419397330125E-5	0.035035132696824595	0.0023128034394965477	0.013661400678469627	9.169817934106777E-5	8.257949271688386E-4	0.0015883044401962271	0.007245759350494315	0.0338602374369192	0.004027328906151161	2.5773906799071814E-4
76	file:/Users/mlafleur/Projects/SDG_LLM/LLMs/chatgpt-api/results/separates/SDG_1/d_1_108.txt	3.51042985230696E-4	0.18912866448515725	0.022809478686073185	4.777101578823727E-4	0.013573160847790085	0.7453354653161632	0.003768714740414283	1.6091373032028656E-4	0.00846360886099997	0.002603539963023765	2.4684607819954954E-4	6.940661389348193E-5	5.6398250864688836E-5	0.002481650817199931	8.217721007692558E-5	0.00885378593167976	0.0012001898160654994	3.372455089647614E-4
77	file:/Users/mlafleur/Projects/SDG_LLM/LLMs/chatgpt-api/results/separates/SDG_1/d_1_120.txt	7.334355866186268E-4	0.16265052499549706	0.050409231181662496	2.875805554449378E-4	1.0077051110656127E-4	0.7071243678727931	0.03583550208673014	2.7885223841909894E-5	0.0015929324612910748	6.635749117617234E-5	0.02002787840100274	1.0321321692955726E-4	8.386873490008106E-5	9.421307019803802E-4	1.222041205374529E-4	0.018874265489363645	9.391530435758993E-4	7.86983255479823E-5
78	file:/Users/mlafleur/Projects/SDG_LLM/LLMs/chatgpt-api/results/separates/SDG_1/d_1_134.txt	2.597236881346186E-4	0.1552658024917946	0.025356425675728125	0.056805292605710885	0.025715199151712425	0.6937778438808884	0.00857487328272038	2.3315915999222927E-5	9.455677163235409E-5	5.548406923158635E-5	8.372251169138029E-4	8.630056941921631E-5	4.2365611955018465E-4	0.029070169661330542	2.789447101873304E-4	4.029399990889786E-4	0.002906443570992039	6.580271896539234E-5
79	file:/Users/mlafleur/Projects/SDG_LLM/LLMs/chatgpt-api/results/separates/SDG_1/d_1_478.txt	7.39053087429711E-5	0.1444631614411153	0.04573806526636022	0.012182296042453905	7.506303958799687E-5	0.7171174821600629	0.030000509869019643	2.0771450280251177E-5	5.566619983313932E-4	0.023828114148706035	1.1595980500473883E-4	0.0014941552081979182	6.24730598155128E-5	7.188567154052953E-5	4.059782117526339E-4	0.0231928038030286	6.966764080672887E-5	5.310458751927001E-4
80	file:/Users/mlafleur/Projects/SDG_LLM/LLMs/chatgpt-api/results/separates/SDG_1/d_1_322.txt	5.11530558902563E-4	0.17212250842738347	0.03235619657761161	0.0018224580801525672	7.028183088972451E-5	0.7127244175905785	0.04887923771716883	1.94483938292898E-5	7.887218902287729E-5	9.309460943632198E-4	1.0857363957123459E-4	5.143181985778109E-4	5.849378134987786E-5	6.730684819501597E-5	5.275632983709614E-4	0.029087728968895558	6.523009694970512E-5	5.4887708186960305E-5
81	file:/Users/mlafleur/Projects/SDG_LLM/LLMs/chatgpt-api/results/separates/SDG_1/d_1_444.txt	8.49866384211368E-5	0.09314607403736257	0.0013485515229696037	4.274220508367486E-4	0.001535009386503647	0.7174385982378525	0.04934786033389901	2.0497234090065042E-4	9.686836962051325E-5	5.6840469842526137E-5	3.144331959118587E-4	8.841033077424751E-5	0.007134210952544564	0.1284729419470475	1.0467755041552478E-4	5.061768251113002E-5	8.011357640743517E-5	6.741137617893618E-5
82	file:/Users/mlafleur/Projects/SDG_LLM/LLMs/chatgpt-api/results/separates/SDG_1/d_1_450.txt	7.882055838932638E-5	0.15474282202887898	0.024763425170484455	2.2846310512578203E-4	8.005528689830046E-5	0.7196330946818955	0.026117586710772234	2.2152905352705644E-5	2.5778819821248826E-4	0.002403988074657708	0.017758208848360484	8.199584980029173E-5	6.66279803535335E-5	0.01048944074549274	7.688747056761013E-4	0.04236983365211462	7.430105419288495E-5	6.252044334177597E-5
83	file:/Users/mlafleur/Projects/SDG_LLM/LLMs/chatgpt-api/results/separates/SDG_1/d_1_336.txt	0.019382594720885965	0.17475093157721908	0.010794759798931082	5.155374592137965E-5	3.543550528374053E-4	0.6926171875757464	0.05272544353285229	0.0038819616527759845	0.008661179035274157	4.7414210716564316E-4	1.0535801216866963E-4	6.985348713493094E-5	5.676136999357527E-5	0.033974652500890316	0.0015134801074513393	3.9993308509611034E-5	4.925303162785909E-4	5.326209796327263E-5
84	file:/Users/mlafleur/Projects/SDG_LLM/LLMs/chatgpt-api/results/separates/SDG_1/d_1_487.txt	1.094172815998348E-4	0.147433062942766	0.0022024969417406217	8.400602212652301E-5	0.006639117154071545	0.7436908447312492	5.851843640419375E-4	3.0752264799480526E-5	0.0017567110500898264	0.0010057494945606112	0.001570533341450817	0.0015126792735791158	0.02480558103274687	0.014794395346086658	3.67910983740936E-4	0.04622735408540755	0.005931702176942998	0.001252501512999314
