#doc name topic proportion ...
0	file:/Users/mlafleur/Projects/SDG_LLM/LLMs/chatgpt-api/results/separates/SDG_17/d_17_387.txt	8.19160251719185E-5	2.3974926861736114E-4	7.802188211404091E-5	6.289170524521047E-5	8.319924434326735E-5	0.7796617106076347	8.90150757672458E-5	0.17840666157850182	9.3368462991509E-5	5.478679289950628E-5	3.0307255434163194E-4	0.0013070217620300552	6.924461621846657E-5	0.0030469199982378105	2.7543917162344597E-4	4.878883824277329E-5	0.036033216649351385	6.49757666679757E-5
1	file:/Users/mlafleur/Projects/SDG_LLM/LLMs/chatgpt-api/results/separates/SDG_17/d_17_393.txt	2.5055575826118563E-4	0.001598434153022189	7.622574466901686E-5	4.0249491354112023E-4	8.128391912791019E-5	0.8133823931364594	5.985424167779977E-4	0.16816065303599884	9.438466196887801E-4	0.003122984862125179	0.002683452781199379	2.537797818111149E-4	6.765053972753398E-5	9.304708123622237E-4	2.690983016447372E-4	0.007039211885949433	7.54413745066617E-5	6.347996312710604E-5
2	file:/Users/mlafleur/Projects/SDG_LLM/LLMs/chatgpt-api/results/separates/SDG_17/d_17_422.txt	3.9218981902882104E-4	2.1815889731005802E-4	7.099570257801379E-5	2.160533862683766E-4	0.0035698640432342524	0.782986212214283	0.0011927762129989165	0.20474679764804993	2.4378559125845596E-4	0.0016381063071852192	2.757796703256562E-4	7.754197772788228E-5	2.2183419244404208E-4	5.489781884713076E-4	0.0023153640497817598	2.032205383022272E-4	0.001023217119247219	5.91244415046976E-5
3	file:/Users/mlafleur/Projects/SDG_LLM/LLMs/chatgpt-api/results/separates/SDG_17/d_17_344.txt	0.004185489848955012	6.390063694568166E-5	7.646043686903778E-5	6.163305893414436E-5	8.153418499135678E-5	0.8022026802332373	2.58284174769929E-4	0.17757303314041922	0.002999359239481576	5.3690349505115126E-5	6.391082894481717E-4	8.351059680335017E-5	2.3890937973496972E-4	5.912345479779526E-4	0.0019804323319783605	4.7812431401266254E-5	0.008799251706333323	6.36754122141335E-5
4	file:/Users/mlafleur/Projects/SDG_LLM/LLMs/chatgpt-api/results/separates/SDG_17/d_17_350.txt	0.0322377800638491	4.0600173712731716E-4	7.646043686903778E-5	2.3268360902496197E-4	0.0011078374855362626	0.7301903986450033	8.723362467911132E-5	0.22615138936621143	7.757020883009466E-4	0.0021062969505949262	2.9700718926653675E-4	8.351059680335017E-5	2.3890937973496964E-4	7.808289770549986E-5	0.0035198872827957185	4.7812431401266254E-5	2.4672420179244075E-4	0.0021162820133039453
5	file:/Users/mlafleur/Projects/SDG_LLM/LLMs/chatgpt-api/results/separates/SDG_17/d_17_436.txt	2.294290630352458E-4	0.0022443898409772213	6.943861162746789E-4	5.626297169416322E-5	0.0010113116267206578	0.7997622451139836	7.963296063796505E-5	0.18927066207419627	2.3967442341083934E-4	4.901231038497959E-5	0.0013641573912260075	7.623432010944042E-5	6.86533966921924E-4	7.127953632963342E-5	0.0021201711388686845	1.997934541225157E-4	0.0017866963163338094	5.812737477213298E-5
6	file:/Users/mlafleur/Projects/SDG_LLM/LLMs/chatgpt-api/results/separates/SDG_17/d_17_378.txt	2.959808111184908E-4	4.78136568460717E-4	9.004525735835637E-5	7.258348082699905E-5	9.602046459171573E-5	0.7823693253208556	1.0273253078565227E-4	0.2121442735002825	1.0775678631971372E-4	6.322958037931275E-5	3.4977682432804966E-4	7.026719672813193E-4	0.001087121957500674	9.195598282051027E-5	9.222090047047889E-4	5.63073252881083E-5	6.93442622439921E-4	2.764300146576336E-4
7	file:/Users/mlafleur/Projects/SDG_LLM/LLMs/chatgpt-api/results/separates/SDG_17/d_17_185.txt	8.437088001990516E-4	7.052324590953326E-5	0.002349721778258431	0.001200689180589591	8.998432023559685E-5	0.7875552509205794	9.627444512101444E-5	0.1291491120439864	1.0098286036191988E-4	0.047631332721711696	0.0012716792032870826	9.216556572700248E-5	7.489166241325025E-5	8.617534440063249E-5	0.00407346356573442	2.4154575919767775E-4	0.025002223903213563	7.027467907378512E-5
8	file:/Users/mlafleur/Projects/SDG_LLM/LLMs/chatgpt-api/results/separates/SDG_17/d_17_191.txt	2.731970755743815E-4	6.946111427086769E-5	2.6904878840453553E-4	6.699621716019588E-5	8.862909059076961E-5	0.7790409222276912	9.482448159708397E-5	0.17907988336128916	9.946198466242456E-5	0.0071238904944780435	8.806568826318134E-4	2.767124360336109E-4	7.376373922855434E-5	8.487748071639102E-5	1.074802534069318E-4	2.3790790348470546E-4	0.03113339542223054	9.9889104654894E-4
9	file:/Users/mlafleur/Projects/SDG_LLM/LLMs/chatgpt-api/results/separates/SDG_17/d_17_72.txt	2.6564013246317507E-4	6.753974052306181E-5	0.0022503161497776296	4.2672658130396074E-4	2.66969286738686E-4	0.7914806148924264	2.72993306154408E-4	0.16038615414303772	8.198778646225003E-4	2.3753976124731824E-4	6.755051295053557E-4	9.92225366082413E-4	0.0020604329080843578	4.441132286891499E-4	4.660907828738964E-4	4.1211887718623906E-4	0.038407840159907974	6.730168937591802E-5
10	file:/Users/mlafleur/Projects/SDG_LLM/LLMs/chatgpt-api/results/separates/SDG_17/d_17_66.txt	0.002076957238352987	3.0127434032917964E-4	9.80440574467994E-5	7.903113581617792E-5	3.238855712922237E-4	0.7560182626765035	1.1185835262726193E-4	0.18690279724988337	1.1732891723732805E-4	6.884632009407051E-5	8.195188572190382E-4	1.0708437050167752E-4	8.701434708383116E-5	0.003609492892795393	0.026447050392418268	6.130915494252389E-5	0.02268859411103418	8.16500144220233E-5
11	file:/Users/mlafleur/Projects/SDG_LLM/LLMs/chatgpt-api/results/separates/SDG_17/d_17_146.txt	3.2876289345406E-4	5.310937594883841E-4	3.2377088213779843E-4	0.0023181470521291127	3.304078881369489E-4	0.8189020164484441	1.1411092477690472E-4	0.14121730394033732	0.0021334636225917346	0.012376616979983587	0.0010597745391877004	0.0036892798606630523	8.876661761398572E-5	1.0214079375024099E-4	5.768456481670085E-4	0.0014050584271909704	0.008825334438788534	0.005677105283158424
12	file:/Users/mlafleur/Projects/SDG_LLM/LLMs/chatgpt-api/results/separates/SDG_17/d_17_99.txt	8.920267416989449E-5	7.100580213150872E-5	2.750319402979536E-4	6.848609022719947E-5	2.8066984271111323E-4	0.8104305298390789	9.693320425654794E-5	0.16215461332153966	1.0167383688961734E-4	0.0012000790459087904	3.300316666737147E-4	9.279620980215617E-5	2.6547391318247485E-4	8.676500030890913E-5	2.999402208345269E-4	5.3128735577244884E-5	0.023272603907532403	8.310347488773339E-4
13	file:/Users/mlafleur/Projects/SDG_LLM/LLMs/chatgpt-api/results/separates/SDG_17/d_17_152.txt	7.917960584933333E-5	6.30273865453922E-5	0.0017625457004360116	6.079079669768098E-5	8.041995885709307E-5	0.7957952269677583	8.604151140276811E-5	0.17447151164859973	9.024947295611811E-5	0.0024149388447325592	4.61661377321091E-4	8.236936151098639E-5	6.693148755521007E-5	0.01745445641301021	0.005158915521342285	4.715903846411198E-5	0.0017617696672813346	6.28052396796742E-5
14	file:/Users/mlafleur/Projects/SDG_LLM/LLMs/chatgpt-api/results/separates/SDG_17/d_17_7.txt	8.920267416989449E-5	7.100580213150872E-5	8.496213669711325E-5	2.5855589382803984E-4	9.06000391102729E-5	0.7978859228014235	0.030508101780391005	0.13896609728223713	6.718832476921385E-4	0.0013901488495096305	1.3996186307287426E-4	9.279620980215617E-5	0.001405892734787517	0.0016073234291156333	1.098704172336866E-4	0.0021438965751864898	0.023842813318334925	6.409649452764942E-4
15	file:/Users/mlafleur/Projects/SDG_LLM/LLMs/chatgpt-api/results/separates/SDG_17/d_17_230.txt	0.002070189453486577	0.0011504185326827018	2.6118161625486016E-4	6.503720155971004E-5	8.60375148498732E-5	0.7892923778511083	9.20517483498845E-5	0.1882833108419592	9.655364762687118E-5	2.3715388199941774E-4	3.1341161329751004E-4	8.81230886572507E-5	0.001515591515686886	8.239560463589888E-5	1.0433745666267848E-4	5.045322740554857E-5	0.016144182844835396	6.719235894154172E-5
16	file:/Users/mlafleur/Projects/SDG_LLM/LLMs/chatgpt-api/results/separates/SDG_17/d_17_224.txt	9.135547424811146E-4	7.636147180237557E-5	0.0017266182440103968	2.7805767984031594E-4	0.008478078440561322	0.736445556653467	9.218683540101565E-4	0.2087254584719375	1.0934266772039746E-4	0.03563079913987867	1.5051859903860714E-4	5.086073809515685E-4	2.8549749636240203E-4	9.330932016303235E-5	0.0013445933091435472	2.615419843779982E-4	0.003769737745510998	2.804982987426432E-4
17	file:/Users/mlafleur/Projects/SDG_LLM/LLMs/chatgpt-api/results/separates/SDG_17/d_17_218.txt	8.389282507247455E-5	0.0013180695301660003	7.990470844113063E-5	2.431651805758718E-4	8.520701092616659E-5	0.7755957909994002	0.0011636978153925354	0.16662395694313753	0.001168156258683837	5.610890937828113E-5	0.00120416516439046	4.447839948255853E-4	6.071829419245369E-4	8.160025538545045E-5	0.030849322896757753	4.0747775364856353E-4	0.01992097304813583	6.65437637579009E-5
18	file:/Users/mlafleur/Projects/SDG_LLM/LLMs/chatgpt-api/results/separates/SDG_17/d_17_219.txt	5.210377952039574E-4	7.882670719793881E-5	0.010222558550883087	7.602946265535504E-5	1.0057914340352429E-4	0.7973576616818384	3.186148369030667E-4	0.18212511660240222	1.1287266011508632E-4	6.623147533556344E-5	3.663828697654045E-4	1.0301721041902183E-4	7.167243578221508E-4	5.183316247514628E-4	3.3297701391808753E-4	5.89805784517121E-5	0.006001488697159943	9.225687317740654E-4
19	file:/Users/mlafleur/Projects/SDG_LLM/LLMs/chatgpt-api/results/separates/SDG_17/d_17_225.txt	9.64632343834222E-5	2.823255870063711E-4	2.9741788311591673E-4	2.796007857348178E-4	7.145953576269737E-4	0.8077442182669834	1.0482298304114377E-4	0.14061670430350354	0.003193054580689431	0.0037642423343958943	0.014539177743812201	1.0034926216438114E-4	8.154154977678128E-5	9.382714855762381E-5	0.001352055249638191	4.685337753529575E-4	0.02619455534555309	7.651460866394842E-5
20	file:/Users/mlafleur/Projects/SDG_LLM/LLMs/chatgpt-api/results/separates/SDG_17/d_17_231.txt	0.005234971744520327	7.67852466008949E-5	0.001325119585143298	2.796007857348178E-4	9.797433641054498E-5	0.8100051620114437	5.15903663852096E-4	0.16014303664202376	7.265704958237166E-4	0.00294208097277399	3.568942558343447E-4	5.114299429753337E-4	4.926222305877333E-4	0.0037935532758561936	1.1881320720533323E-4	8.796144561639098E-4	0.011190110495953335	0.0013097566510968052
21	file:/Users/mlafleur/Projects/SDG_LLM/LLMs/chatgpt-api/results/separates/SDG_17/d_17_6.txt	5.088296946519253E-4	6.414539720633919E-4	6.556030600254427E-5	5.284670568278691E-5	5.09907959354884E-4	0.8128005990390689	5.147948920650936E-4	0.15225838181419124	0.0031584362457807626	4.603630174083251E-5	0.001281326278871225	7.16054015001292E-5	2.0485067420070272E-4	5.069486844693504E-4	0.0012581064720964832	4.099633433643131E-5	0.026024721321000636	5.459790292261866E-5
22	file:/Users/mlafleur/Projects/SDG_LLM/LLMs/chatgpt-api/results/separates/SDG_17/d_17_98.txt	0.06506055645986536	2.601854445979675E-4	8.46724505283514E-5	2.576743238816429E-4	2.7971287323526496E-4	0.7408014175291167	9.660270163904674E-5	0.1678526498768399	1.0132717065196288E-4	5.945680731733657E-5	0.0014654368529717487	4.713232991197056E-4	7.514701237971875E-5	8.64691671119203E-5	2.9891754724357315E-4	2.4236933153569572E-4	0.0218673016352389	6.387795167253063E-4
23	file:/Users/mlafleur/Projects/SDG_LLM/LLMs/chatgpt-api/results/separates/SDG_17/d_17_153.txt	0.0015018580314879052	2.435755806061327E-4	0.003625853723389868	2.4122476621912518E-4	8.452707432132439E-5	0.7757905321930105	2.6776505632715984E-4	0.18214061430962933	6.268465860572311E-4	9.423078304180153E-4	1.3058015115989538E-4	2.639053666278247E-4	2.476790673637081E-4	2.5827843204711593E-4	6.344937456250162E-4	4.956749053132105E-5	0.03288437783867366	6.601275650496282E-5
24	file:/Users/mlafleur/Projects/SDG_LLM/LLMs/chatgpt-api/results/separates/SDG_17/d_17_147.txt	1.0233151220856414E-4	0.015126509862767624	3.155111056731497E-4	0.004657495170691333	1.0393454114000412E-4	0.8339881633928219	0.03805089978942543	0.08659232909390326	1.1663817904321179E-4	0.002903016293413608	3.7860568465818633E-4	0.002504940723581322	0.0022669446036076837	7.536678199054833E-4	0.002306483657958931	0.002023346490246718	0.0038032162055860845	0.004005965873367355
25	file:/Users/mlafleur/Projects/SDG_LLM/LLMs/chatgpt-api/results/separates/SDG_17/d_17_67.txt	4.677420159755531E-4	0.0012072941607840346	0.0010317811667144192	6.825258064442941E-5	9.029112999805161E-5	0.797059675270569	9.660270163904674E-5	0.180354484930496	0.0018061228597868852	0.004226735158536033	8.971716232601084E-4	0.0010395885288313463	7.514701237971875E-5	8.64691671119203E-5	0.0014354480066668545	0.0015683215341961917	0.007471249149210678	0.001017623003199733
26	file:/Users/mlafleur/Projects/SDG_LLM/LLMs/chatgpt-api/results/separates/SDG_17/d_17_73.txt	0.0021321457500911327	7.608154440677745E-5	4.983488379804301E-4	7.338171471138244E-5	9.70764457537935E-5	0.7498347557538774	1.0386232762326913E-4	0.20551642868331144	5.162551487626662E-4	0.005766311306949511	1.499668249773764E-4	9.942960638297587E-5	2.8445091398623544E-4	2.966239207887899E-4	3.2138099346496054E-4	5.692656281256782E-5	0.03410076027737477	7.581338674460341E-5
27	file:/Users/mlafleur/Projects/SDG_LLM/LLMs/chatgpt-api/results/separates/SDG_17/d_17_190.txt	3.4472965240056987E-4	3.2226771335579186E-4	1.0487595514102167E-4	0.001257634391751413	1.118352951901059E-4	0.8054143937234552	5.888913428797304E-4	0.17059913673761	1.2550462089559668E-4	0.008285317168763712	6.420052577037761E-4	1.1454621452332696E-4	5.623161594494656E-4	3.4172062526881914E-4	0.008581915101879284	7.694390232965162E-4	0.0015115122296279547	3.219587868075045E-4
28	file:/Users/mlafleur/Projects/SDG_LLM/LLMs/chatgpt-api/results/separates/SDG_17/d_17_184.txt	0.0021183669621346797	6.899925682687447E-5	2.672598423585879E-4	0.0017288385228645046	8.803978237604573E-5	0.7930696201448669	0.0013870844699275637	0.11767739702346056	0.0012069924960148779	0.020559523501117442	0.012141418394642584	9.017389171719864E-5	7.327327298111364E-5	2.6901175904201256E-4	0.01950012296050376	5.1627376368370184E-5	0.029633494281340995	6.87560614560824E-5
29	file:/Users/mlafleur/Projects/SDG_LLM/LLMs/chatgpt-api/results/separates/SDG_17/d_17_379.txt	7.307675131308143E-5	5.816948194027743E-5	0.003962334699830693	5.61052796960586E-5	0.0017870235335313452	0.8031262318368573	3.908283190565113E-4	0.15074711728810267	2.390026718558793E-4	2.0458421582557915E-4	1.1465977176437473E-4	7.602065307586188E-5	5.289004966781452E-4	0.009880764114459742	4.014267624800136E-4	4.352420410583502E-5	0.028252265462139776	5.796445728668234E-5
30	file:/Users/mlafleur/Projects/SDG_LLM/LLMs/chatgpt-api/results/separates/SDG_17/d_17_351.txt	8.216842653081205E-4	5.612453021457968E-5	9.685677586068927E-4	5.4132895127583224E-5	7.161224125134138E-5	0.7559626310184172	2.268534190534745E-4	0.23633995341635852	8.036521184529186E-5	0.0012490391894718893	5.61334819432442E-4	7.3348142327773E-5	5.960104807604117E-5	6.858094317963473E-5	0.002039902949612838	4.199410802577659E-5	0.001118112024136118	2.0616201955434184E-4
31	file:/Users/mlafleur/Projects/SDG_LLM/LLMs/chatgpt-api/results/separates/SDG_17/d_17_437.txt	8.416363029550536E-5	4.256602819811844E-4	7.974938111048558E-4	6.461732265210472E-5	8.548205832834569E-5	0.8017713353103577	2.707902568145152E-4	0.1906544133064851	2.752630919173794E-4	5.6290028391797185E-5	6.700538195424322E-4	2.66886960472403E-4	7.114454427121082E-5	0.003309853929906523	0.0010003278198759038	5.0127502351269364E-5	7.933775887209523E-5	6.675856637982E-5
32	file:/Users/mlafleur/Projects/SDG_LLM/LLMs/chatgpt-api/results/separates/SDG_17/d_17_423.txt	7.989159085587514E-4	2.4553490493658595E-4	0.001509950875413683	6.44094097043027E-5	8.520701092616657E-5	0.5968400201278311	0.27394500416540696	0.1244375950174472	4.5313317519756114E-4	5.6108909378281125E-5	1.3163053916104547E-4	8.727245308244712E-5	4.284271710529679E-4	2.603560262570196E-4	1.033303068478666E-4	4.996621190542534E-5	4.3659402313479806E-4	6.654376375790088E-5
33	file:/Users/mlafleur/Projects/SDG_LLM/LLMs/chatgpt-api/results/separates/SDG_17/d_17_345.txt	7.060319745002951E-5	5.620051993554003E-5	6.724684622770184E-5	5.4206188277295016E-5	7.170920053472832E-5	0.7554817782825715	7.672184968978033E-5	0.2422261780674897	8.047402219968938E-5	4.722058655335906E-5	2.612174034440628E-4	2.2388616913162758E-4	5.968174482298812E-5	3.695512326414563E-4	2.3740026666075681E-4	4.205096588344875E-5	5.17871021383939E-4	5.6002435102268203E-5
34	file:/Users/mlafleur/Projects/SDG_LLM/LLMs/chatgpt-api/results/separates/SDG_17/d_17_392.txt	4.378820394475609E-4	6.624624859940872E-5	4.3392574726883594E-4	6.38954342124012E-5	7.938444023482204E-4	0.7640867962805667	4.4509438833388365E-4	0.21530119939488673	4.495172540505071E-4	0.002360942486471807	3.0790948316661943E-4	8.65760346211007E-5	7.034973535698402E-5	8.094910004039185E-5	0.003649092389739325	0.009270692754880967	0.0018517447374969617	2.433420885116868E-4
35	file:/Users/mlafleur/Projects/SDG_LLM/LLMs/chatgpt-api/results/separates/SDG_17/d_17_386.txt	0.0016771768656011416	5.984684966907121E-5	0.0010328055989428666	5.7723124353395226E-5	2.3656103274861975E-4	0.7738999097087592	8.169961790360154E-5	0.19514386391035565	8.866916752612666E-4	5.0284291817683694E-5	1.1796608625323133E-4	2.384120631334514E-4	2.2375322714989024E-4	5.537272678842833E-4	0.0013741979826434269	4.4779262479287904E-5	0.024260965522092892	5.9635912950831965E-5
36	file:/Users/mlafleur/Projects/SDG_LLM/LLMs/chatgpt-api/results/separates/SDG_17/d_17_390.txt	2.4382019280766746E-4	5.5981605526174E-4	0.00189953162071321	5.9792113627277434E-5	0.001572571088844051	0.7936738777819661	2.505693696376904E-4	0.1606531295219254	2.5470820197753233E-4	0.0012136762033423461	2.881357491556345E-4	2.4695754654088635E-4	2.3177328899088486E-4	7.575060483275595E-5	0.014034997559067718	8.760911254466347E-4	0.02380302851291545	6.177346294687938E-5
37	file:/Users/mlafleur/Projects/SDG_LLM/LLMs/chatgpt-api/results/separates/SDG_17/d_17_384.txt	0.0012955808931930067	9.320672675251471E-4	0.02418760850240989	6.249898832715621E-5	0.001643763636421276	0.8023723903661603	8.845923575496786E-5	0.15352946422064137	9.278543896812587E-5	2.2789845422874734E-4	8.215413729439074E-4	8.468390024878278E-5	0.0021502574510407937	0.0021606251647560094	2.7371923698071957E-4	2.2193795281419052E-4	0.009790147881414914	6.457003617085258E-5
38	file:/Users/mlafleur/Projects/SDG_LLM/LLMs/chatgpt-api/results/separates/SDG_17/d_17_435.txt	2.8512540048897017E-4	7.249392396771489E-5	0.005520233443659088	6.992140457171917E-5	9.249881206281873E-5	0.7891868420414005	2.9301794509108673E-4	0.1546860277547272	6.859644086995162E-4	0.010539785473891016	0.0013072145827303168	2.8879424854195E-4	7.698441004497246E-5	6.707431164517755E-4	0.008456462330577546	5.424219432525102E-5	0.02764141009750539	7.223841126322682E-5
39	file:/Users/mlafleur/Projects/SDG_LLM/LLMs/chatgpt-api/results/separates/SDG_17/d_17_353.txt	8.230389704380029E-5	6.551433892008241E-5	2.53761456242071E-4	2.3855963807946812E-4	2.5896333324938937E-4	0.7949278332848656	4.401768435985536E-4	0.1831095591181878	2.6918070308495234E-4	2.3041634902400086E-4	3.0450760100950635E-4	0.0058728341679635445	6.9572489047428E-5	8.005474856985674E-5	6.274836563941056E-4	5.751302760879354E-4	0.01217812439011249	4.1602370851957446E-4
40	file:/Users/mlafleur/Projects/SDG_LLM/LLMs/chatgpt-api/results/separates/SDG_17/d_17_347.txt	8.295857762931867E-5	6.603546814123247E-5	7.901487347022875E-5	4.1722235452019307E-4	4.377883494545287E-4	0.8083216354883228	6.204433099818793E-4	0.16529869423845472	4.480869926429541E-4	0.020383471777341088	3.069297853979031E-4	2.6306567992451636E-4	7.012589853958488E-5	0.0016715775330090408	1.021795996820305E-4	5.797051095942787E-4	6.084971344231394E-4	2.4256782947069234E-4
41	file:/Users/mlafleur/Projects/SDG_LLM/LLMs/chatgpt-api/results/separates/SDG_17/d_17_421.txt	2.891655736533705E-4	7.352114920157395E-5	8.797188034048141E-5	0.07800487515010389	9.380950278905435E-5	0.707281681685639	1.0036701732533302E-4	0.1775422079657858	4.988814582328535E-4	6.177365962730018E-5	1.4491994609754305E-4	4.896893453905211E-4	2.74878201418886E-4	8.98386095458982E-5	5.073683985719386E-4	4.486166695894944E-4	0.033937171770756856	7.326201593024033E-5
42	file:/Users/mlafleur/Projects/SDG_LLM/LLMs/chatgpt-api/results/separates/SDG_17/d_17_409.txt	6.697591972899686E-5	7.668624184735502E-4	3.4921169522174783E-4	3.368410081757693E-4	2.1073494747441074E-4	0.7353634803199639	7.278022287757935E-5	0.23834426701791864	0.0019315676257113607	4.4794603201821464E-5	1.0508737090589808E-4	2.1238389525921153E-4	5.661556267873043E-5	6.514564445577046E-5	2.2520369866771032E-4	3.989057460931568E-5	0.021755032195176698	5.312527949874462E-5
43	file:/Users/mlafleur/Projects/SDG_LLM/LLMs/chatgpt-api/results/separates/SDG_17/d_17_192.txt	0.0011271278055564153	9.421344352930106E-5	0.007174121269037001	8.474476833208004E-4	3.7240438925915996E-4	0.8284163861027883	0.0041636949857780095	0.11831154724070364	1.3490506413076127E-4	0.007140549642171344	1.8570720542597193E-4	8.797033583362567E-4	1.0004930029223791E-4	1.1512340134942027E-4	0.004433053115934731	0.02528974334548858	8.681487695234502E-4	3.4607387737428224E-4
44	file:/Users/mlafleur/Projects/SDG_LLM/LLMs/chatgpt-api/results/separates/SDG_17/d_17_59.txt	7.990760430422774E-5	0.0014257205400406798	7.571657694551771E-4	4.01878139242533E-4	0.05252253538159515	0.7794452560481228	8.68326000509888E-5	0.14730099822178916	2.6134345858494734E-4	9.047645670828436E-4	0.0011469628468217944	0.0019560329738656044	6.754687353751334E-5	7.77239401919234E-5	0.0016307996042231882	4.7592631265792604E-5	0.011653291904131812	2.3364689569399343E-4
45	file:/Users/mlafleur/Projects/SDG_LLM/LLMs/chatgpt-api/results/separates/SDG_17/d_17_186.txt	7.695933476572238E-5	0.0012091350378165488	8.932115374657199E-4	5.908616522585522E-5	2.4214704979256282E-4	0.7582300363925224	2.4761096868461884E-4	0.22746486171212263	4.15683077704886E-4	8.713823898060281E-4	9.406623834584496E-4	2.4404178935112615E-4	3.9301895068276566E-4	7.485623908543013E-5	2.587725096777372E-4	2.0981879708554315E-4	0.007943689400740559	2.2502626401145291E-4
46	file:/Users/mlafleur/Projects/SDG_LLM/LLMs/chatgpt-api/results/separates/SDG_17/d_17_65.txt	0.00521848210706768	0.005199607187658763	4.824322506922124E-4	4.653422778308774E-4	4.8828023123849825E-4	0.7832573208014963	0.0038464357251289955	0.14966447768220667	4.99766658147192E-4	0.006962208094589695	0.002116698466358248	9.625395934938146E-5	2.7536593684447474E-4	4.843022921645123E-4	0.0012968772089585474	0.008532650334149395	0.031040106776320728	7.339200979783249E-5
47	file:/Users/mlafleur/Projects/SDG_LLM/LLMs/chatgpt-api/results/separates/SDG_17/d_17_71.txt	9.453949800387574E-5	6.79577881575332E-4	9.004525735835637E-5	7.258348082699905E-5	2.974617777063308E-4	0.7938514801683887	1.0273253078565227E-4	0.16782718461506718	1.0775678631971372E-4	2.646708934939278E-4	0.00155842470301574	0.0013069959066251645	6.842393312714431E-4	9.195598282051027E-5	3.178850653609429E-4	5.63073252881083E-5	0.0325211700945491	7.498870154301847E-5
48	file:/Users/mlafleur/Projects/SDG_LLM/LLMs/chatgpt-api/results/separates/SDG_17/d_17_151.txt	3.1664743462678306E-4	8.05084885844605E-5	0.0018203869295157795	2.931583561037286E-4	0.005274888018919088	0.8451868960665888	0.02403115963257291	0.0929118533217979	3.307876095324366E-4	6.76445352790864E-5	0.0010207200867194534	7.517354756309215E-4	8.549542027890945E-5	9.837673580481667E-5	9.866015111790034E-4	4.912525227730157E-4	0.026171663126415955	8.022472767697225E-5
49	file:/Users/mlafleur/Projects/SDG_LLM/LLMs/chatgpt-api/results/separates/SDG_17/d_17_145.txt	5.416085727816928E-4	3.0127434032917964E-4	9.80440574467994E-5	9.563732304283467E-4	1.0455004763918182E-4	0.8187482224412735	1.1185835262726193E-4	0.14084233728274456	1.1732891723732805E-4	0.0031395436512366578	0.00103885438087208	1.0708437050167752E-4	8.701434708383116E-5	3.1946003799976385E-4	3.4612307770627457E-4	2.8064467859556584E-4	0.032778028199074105	8.16500144220233E-5
50	file:/Users/mlafleur/Projects/SDG_LLM/LLMs/chatgpt-api/results/separates/SDG_17/d_17_179.txt	0.04393328971588065	6.911414442413873E-5	2.677048448491342E-4	2.5166773490773223E-4	8.818637350653038E-5	0.7633090877336753	9.435081750183791E-5	0.15561459613398565	2.839713304884127E-4	0.03150912057665836	6.91251679652784E-4	9.032403625833985E-5	7.339527705280401E-5	6.394720286156719E-4	0.0017719989468215785	2.3671951384146133E-4	8.218723927379828E-4	2.5387671914177466E-4
51	file:/Users/mlafleur/Projects/SDG_LLM/LLMs/chatgpt-api/results/separates/SDG_17/d_17_4.txt	0.014156140677619758	1.935372632118425E-4	6.298305568175997E-5	5.076924147497693E-5	6.716247413120708E-5	0.7667584673995418	2.1275743675274895E-4	0.2093961944395901	4.980719841344749E-4	0.003284929800757811	6.673553198388408E-4	6.879051158825273E-5	1.9679776081472567E-4	6.43195317128791E-5	5.041481693185989E-4	3.938472172718803E-5	0.003584838474142972	1.9335173795997533E-4
52	file:/Users/mlafleur/Projects/SDG_LLM/LLMs/chatgpt-api/results/separates/SDG_17/d_17_227.txt	9.412602289048587E-4	7.867729549847064E-5	9.414147766009051E-5	7.588535297947496E-5	1.003885011544546E-4	0.7880539283762236	0.0022134560651284984	0.1594557767245301	5.338687484397193E-4	0.0025933661307688057	0.002261133556304852	1.0282194694766401E-4	8.355079772728507E-5	9.61391233294683E-5	0.003070211083945363	0.0019543139291718454	0.03673844555954487	0.0015526351017407438
53	file:/Users/mlafleur/Projects/SDG_LLM/LLMs/chatgpt-api/results/separates/SDG_17/d_17_233.txt	0.02303651403452497	6.399916077057808E-5	7.65783257517416E-5	4.0435664795937656E-4	0.017727030809688838	0.7732882258048777	0.0016291966503456997	0.15934487799192298	6.055838072002588E-4	7.390302536511726E-4	2.9746512342348656E-4	8.363935582375622E-5	6.796345632346382E-5	0.008815231604272998	9.902873124996263E-5	4.78861499719161E-5	0.013438304222751702	2.3508786948951384E-4
54	file:/Users/mlafleur/Projects/SDG_LLM/LLMs/chatgpt-api/results/separates/SDG_17/d_17_232.txt	8.42996895843635E-5	6.710300037613773E-5	8.029223133321877E-5	6.472178329546211E-5	8.56202489936657E-5	0.7872606844620021	8.100961263029058E-4	0.1848554541562828	9.608538049343198E-5	0.0011341172446706009	1.3226892265831322E-4	8.769570815812333E-5	4.3050496270773494E-4	8.19960013631158E-5	0.0011815676570865255	0.001307567459193044	0.02199343577400228	2.4648919149628055E-4
55	file:/Users/mlafleur/Projects/SDG_LLM/LLMs/chatgpt-api/results/separates/SDG_17/d_17_226.txt	8.966281338983973E-5	0.002363975092945698	6.58551156099962E-4	0.0010240906232293215	0.00505837392446793	0.8083063613668173	4.79533723234297E-4	0.15706850687677013	6.753490612046182E-4	5.9967973026848226E-5	7.138345906876936E-4	9.327488576102838E-5	8.399940767331405E-4	8.7212565137343E-5	0.00182988943121089	8.176037984020167E-4	0.019762697524116295	7.112051676562115E-5
56	file:/Users/mlafleur/Projects/SDG_LLM/LLMs/chatgpt-api/results/separates/SDG_17/d_17_5.txt	4.0195749682628187E-4	0.0013630589011427666	7.27638850094283E-5	5.865335063079446E-5	7.759233799841092E-5	0.7796975308500805	2.457971829915691E-4	0.18966127820927187	0.0020404476406901354	3.766565391465053E-4	2.826480968684498E-4	7.947319831922603E-5	6.457813059005608E-5	0.004632174508883614	0.00855870541853966	0.0075334245983586425	0.004792662690234711	6.0596964417206625E-5
57	file:/Users/mlafleur/Projects/SDG_LLM/LLMs/chatgpt-api/results/separates/SDG_17/d_17_178.txt	9.044035273580462E-5	2.6469800477255616E-4	8.614097821147935E-5	2.6214333210675345E-4	9.185710598097944E-5	0.7528787754647018	2.909851471203917E-4	0.20390942886669977	1.0308455164456348E-4	6.048800420547526E-5	0.02056884623741615	9.408374833100209E-5	7.645033438463729E-5	8.79688563833245E-5	1.11394858756356E-4	4.39279899563911E-4	0.020512196996242786	7.173726074230403E-5
58	file:/Users/mlafleur/Projects/SDG_LLM/LLMs/chatgpt-api/results/separates/SDG_17/d_17_144.txt	8.309076556453153E-5	6.61406904393221E-5	7.914077742463121E-5	6.379362188919809E-5	8.439238711062936E-5	0.7554333199622436	9.029162214307193E-5	0.20114848575883826	9.47074403728227E-5	0.03139285107577506	3.0741885374678865E-4	8.643808255414728E-5	7.023763861514784E-5	0.0037988023204803484	2.7938918653121105E-4	4.9488508653686944E-5	0.006274963422017127	5.970478856005686E-4
59	file:/Users/mlafleur/Projects/SDG_LLM/LLMs/chatgpt-api/results/separates/SDG_17/d_17_150.txt	2.7596792806779233E-4	0.0023240147684139277	0.0010230606200405748	2.554964774152099E-4	4.6516952149764783E-4	0.7920133660983951	0.0012227108005531194	0.18822117882106648	0.0012273953386641495	5.895428228585176E-5	8.895887876090152E-4	9.169817934106777E-5	7.451187476527278E-5	0.004781257412911379	0.006870117824292531	5.250007875874656E-5	8.309288103244123E-5	6.991830488982678E-5
60	file:/Users/mlafleur/Projects/SDG_LLM/LLMs/chatgpt-api/results/separates/SDG_17/d_17_70.txt	7.628383865073055E-5	0.0011985220819869288	7.265743978571542E-5	5.856754750155535E-5	5.651072899453326E-4	0.7650658686520561	8.289478967100744E-5	0.16987868707210382	0.0015498342390200426	5.1019893372092504E-5	2.8223461509931005E-4	7.935693813914946E-5	2.270264804014666E-4	0.019091709167611257	0.0074083852719921146	4.543433176423427E-5	0.03355573075203647	7.106795988623438E-4
61	file:/Users/mlafleur/Projects/SDG_LLM/LLMs/chatgpt-api/results/separates/SDG_17/d_17_64.txt	4.583649920260762E-4	6.934507121903052E-5	8.297498575215573E-5	6.688429201211233E-5	4.5972967446611195E-4	0.734303349752683	9.466606602386853E-5	0.2264861605560923	9.929582158883778E-5	4.295135006203694E-4	8.791856405799874E-4	0.0032462393494909593	7.364050813004902E-5	0.0015697302800355198	1.0730069486185956E-4	5.1886125383917344E-5	0.03126700770739072	2.54724981643431E-4
62	file:/Users/mlafleur/Projects/SDG_LLM/LLMs/chatgpt-api/results/separates/SDG_17/d_17_187.txt	9.700155315431253E-5	7.721375119994667E-5	0.001332514493171383	2.8116111441629733E-4	9.852108797545399E-5	0.7446651124131165	3.120953242848164E-4	0.24350498509704524	0.0011439999061482746	6.487624359754205E-5	7.722606660904263E-4	3.0759663754474756E-4	7.020587084128284E-4	0.0017478497197133563	0.0030130994369485394	2.644610853280441E-4	0.0015382511589003515	7.694160295202518E-5
63	file:/Users/mlafleur/Projects/SDG_LLM/LLMs/chatgpt-api/results/separates/SDG_17/d_17_193.txt	0.001566671551514507	6.180734522635857E-5	7.395570441246093E-5	5.9614049765064156E-5	7.886324394222067E-5	0.7377053904206489	8.437597829379366E-5	0.2141104783727083	7.502912186177185E-4	8.791674489575102E-4	2.872776666891709E-4	2.462220947919499E-4	6.563587330182623E-5	4.0641938261237824E-4	0.0010883203385912434	4.624616584403791E-5	0.04226222646214637	2.2703668193641943E-4
64	file:/Users/mlafleur/Projects/SDG_LLM/LLMs/chatgpt-api/results/separates/SDG_17/d_17_58.txt	7.834686330973902E-5	0.00423583046630139	0.001243192857125207	6.0151451731474446E-5	7.957417135847684E-5	0.7587122960633376	8.513660128168955E-5	0.2310650946101044	7.570548586967696E-4	0.0015548474194014622	1.229287468878116E-4	8.150307188307462E-5	2.3316619800876404E-4	7.620585013319909E-5	0.0014320084809755042	4.666306052845318E-5	7.385452038877923E-5	6.21447085463139E-5
65	file:/Users/mlafleur/Projects/SDG_LLM/LLMs/chatgpt-api/results/separates/SDG_17/d_17_408.txt	2.580813759488163E-4	6.561790571247436E-5	0.0011323994627201297	6.328938870123993E-5	8.372533856985045E-5	0.8058450815299776	2.6522531600872847E-4	0.16021357059445207	9.395886029274057E-5	0.0011090174509417372	0.0022371100527514664	8.575486456719916E-5	2.4532984180738104E-4	8.018130122476847E-5	6.284755990839399E-4	7.516868279123318E-4	0.025195281324414336	0.0016462129649133987
66	file:/Users/mlafleur/Projects/SDG_LLM/LLMs/chatgpt-api/results/separates/SDG_17/d_17_346.txt	7.764316628115265E-4	0.0030182241902125756	7.7655914692372E-5	0.005100620770542389	8.28089921202743E-5	0.8107496431005946	2.6232251166283087E-4	0.17444278248869724	0.0011352803175365537	5.4529811386170904E-5	0.0011702758085942464	6.059912087402732E-4	6.89198192131228E-5	9.479285816398553E-4	0.0013164970100130995	4.855999058037224E-5	7.685682794445529E-5	6.467099301789015E-5
67	file:/Users/mlafleur/Projects/SDG_LLM/LLMs/chatgpt-api/results/separates/SDG_17/d_17_420.txt	4.775107144660016E-4	7.224158711625876E-5	8.644081772951837E-5	6.967802214580887E-5	4.789323991458902E-4	0.755499395915783	2.919980082241382E-4	0.21158079683434336	4.901989253024808E-4	0.028100476429672616	0.0016894199871436118	9.441123504337276E-5	7.671644270952227E-5	2.8165283685435694E-4	1.1178260198211239E-4	5.405338809456331E-5	2.7892911196846095E-4	2.6536474227502565E-4
68	file:/Users/mlafleur/Projects/SDG_LLM/LLMs/chatgpt-api/results/separates/SDG_17/d_17_434.txt	8.015325445100132E-5	2.3459004622842044E-4	7.634291039766629E-5	6.153832345743281E-5	8.140885971922163E-5	0.7958459946739239	8.709953886279507E-5	0.17781245053340108	4.329345049522835E-4	3.9518308313294206E-4	0.0014920640744758714	0.006402524552044226	6.775452460580732E-5	7.79628773679558E-5	0.012907796566462303	5.601018301383507E-4	0.0026373717880076924	7.467280583710298E-4
69	file:/Users/mlafleur/Projects/SDG_LLM/LLMs/chatgpt-api/results/separates/SDG_17/d_17_352.txt	9.471120675256991E-5	8.826193587133433E-4	9.020880337661652E-5	7.271531163773764E-5	9.034235985741357E-4	0.7775342923739296	0.0015155694072115028	0.21212596927822733	7.133740527168496E-4	6.334442203128497E-5	1.4860492775948305E-4	9.852665398447284E-5	8.006053942931991E-5	6.975445507767349E-4	0.004758220473504921	5.640959429282779E-5	8.928054621025338E-5	7.512490087113024E-5
70	file:/Users/mlafleur/Projects/SDG_LLM/LLMs/chatgpt-api/results/separates/SDG_17/d_17_385.txt	2.80231220646013E-4	7.124956516695143E-5	8.525381185206227E-5	6.872120308753257E-5	9.091106919347434E-5	0.720712417108978	9.726597610610752E-5	0.2346136025836293	6.74189823985963E-4	5.9865037951857474E-5	0.014635338182107032	4.745594064410623E-4	7.566297201378369E-5	0.0010406744324428737	0.0014453037974000464	2.4403344016287354E-4	0.02525972193049495	7.099843834013607E-5
71	file:/Users/mlafleur/Projects/SDG_LLM/LLMs/chatgpt-api/results/separates/SDG_17/d_17_391.txt	1.0629477311570872E-4	8.461120361809613E-5	7.807087807782902E-4	8.160869043474255E-5	0.024342285501497807	0.8180460484914732	7.949736211771262E-4	0.14905965274789731	1.2115553176580552E-4	0.0014300258494811208	8.462469890320358E-4	0.0019224890605800309	3.163412939406489E-4	0.0010093461150091996	8.103897298414859E-4	6.330871744216911E-5	1.001999206689226E-4	8.431298224610806E-5
72	file:/Users/mlafleur/Projects/SDG_LLM/LLMs/chatgpt-api/results/separates/SDG_17/d_17_395.txt	7.966345527229924E-5	6.341253325437011E-5	7.587639540624617E-5	2.3090626009854482E-4	8.091138780865906E-5	0.7743478417285937	8.656729244444901E-5	0.2008295228871929	2.6054495194756356E-4	0.006503551629188928	2.947385060052056E-4	2.5261668684803146E-4	6.734049137992551E-5	0.002114414271205878	0.0017955608566363294	2.1719120114271814E-4	0.010938710596596507	0.0017606288689778098
73	file:/Users/mlafleur/Projects/SDG_LLM/LLMs/chatgpt-api/results/separates/SDG_17/d_17_381.txt	9.457206576692523E-4	6.459674338050828E-5	4.231211688984676E-4	6.230446333592795E-5	8.242238381915677E-5	0.7331302799659839	2.610978130161966E-4	0.23483988715802454	6.112383555987209E-4	5.427522939935421E-5	1.273287573771993E-4	8.442032582311624E-5	0.0014519092727977155	0.002326814228673879	6.186951039374402E-4	4.833327974885657E-5	9.410675195195558E-4	0.0239264875729964
74	file:/Users/mlafleur/Projects/SDG_LLM/LLMs/chatgpt-api/results/separates/SDG_17/d_17_418.txt	4.493565493772444E-4	4.319345442582242E-4	8.134424297415272E-5	6.55697864997355E-5	2.687182404840077E-4	0.7777401951569334	9.28055534598592E-5	0.17180950836354483	9.734431846444384E-5	0.01825473681207429	1.3400194768526584E-4	2.708208929044635E-4	4.3614556111592746E-4	8.109750188726878E-4	0.001015072721786198	5.086638523595131E-5	0.027922861312019962	6.774259230950415E-5
75	file:/Users/mlafleur/Projects/SDG_LLM/LLMs/chatgpt-api/results/separates/SDG_17/d_17_356.txt	4.4140436681561267E-4	2.4553490493658595E-4	7.990470844113063E-5	6.440940970430271E-5	4.4271855266930484E-4	0.7909687872943552	0.001342453586264105	0.14231317210460412	4.5313317519756125E-4	5.610890937828113E-5	0.014789603750629713	8.727245308244713E-5	7.09156293098297E-5	2.6035602625701956E-4	0.009934897704784167	4.996621190542535E-5	0.038332817447907445	6.65437637579009E-5
76	file:/Users/mlafleur/Projects/SDG_LLM/LLMs/chatgpt-api/results/separates/SDG_17/d_17_430.txt	2.713805469402573E-4	6.899925682687447E-5	0.0010060544084363574	6.655074918952442E-5	0.17148837911241843	0.7345201507832038	9.419397929146838E-5	0.09015729943706366	9.880064689822537E-5	2.4267293397879842E-4	0.0010594999034760494	9.017389171719864E-5	7.327327298111364E-5	8.431311752257027E-5	2.9146424248177464E-4	5.1627376368370184E-5	2.664102797496868E-4	6.87560614560824E-5
77	file:/Users/mlafleur/Projects/SDG_LLM/LLMs/chatgpt-api/results/separates/SDG_17/d_17_424.txt	5.038159531042751E-4	2.802518766260156E-4	9.120269274002009E-5	7.351646376577991E-5	9.725470486535882E-5	0.7385617602591767	1.0405304748433808E-4	0.2320097335610971	7.212337610444645E-4	6.404232894204397E-5	5.583034564700937E-4	9.961218654605757E-5	8.094261873409626E-5	9.313797853238374E-5	1.1794051201777497E-4	5.703109567254884E-5	0.026410214902161847	7.595260101909516E-5
78	file:/Users/mlafleur/Projects/SDG_LLM/LLMs/chatgpt-api/results/separates/SDG_17/d_17_342.txt	5.701646340546535E-5	6.528284075357588E-4	1.757946015101057E-4	6.512178609583016E-4	5.79096295322501E-5	0.7591649315492943	6.195765479790102E-5	0.19646309096335282	7.939193669729608E-4	1.596221540415806E-4	8.183922638234225E-4	3.0229057541453994E-4	8.986169126763175E-4	5.545835381085145E-5	1.9171544781793875E-4	7.628903645551654E-4	0.038565633388775174	1.6671404172521705E-4
79	file:/Users/mlafleur/Projects/SDG_LLM/LLMs/chatgpt-api/results/separates/SDG_17/d_17_60.txt	0.0022025772588372943	0.01140215328651399	0.0014301292790271757	2.6123717191786183E-4	0.0433007346038837	0.7627589289378054	9.793842163102474E-5	0.1720939474673606	0.0010629325494633606	6.0278913167850894E-5	1.4141329653784705E-4	2.857993924602815E-4	6.523086661070768E-4	0.001816032572250857	1.1100979618222534E-4	5.367969155250475E-5	4.6904161035666523E-4	0.0017998570849443642
80	file:/Users/mlafleur/Projects/SDG_LLM/LLMs/chatgpt-api/results/separates/SDG_17/d_17_74.txt	8.966281338983973E-5	0.0010266233327066393	8.540040171179469E-5	2.598896173784313E-4	9.106738643714575E-5	0.8159483714253262	8.616342261597418E-4	0.10854174300523863	2.9324855827917324E-4	0.0029257217449676844	0.006445342134569367	2.8432513722375085E-4	0.004469948854524867	0.0031440165885409026	1.1043716804638846E-4	4.355032954765719E-4	0.054915943793257226	7.112051676562115E-5
81	file:/Users/mlafleur/Projects/SDG_LLM/LLMs/chatgpt-api/results/separates/SDG_17/d_17_197.txt	0.0020526454627113446	2.9774778040131357E-4	3.1366450164300243E-4	0.0018122508120742389	7.536305294699089E-4	0.80547932613059	1.105489972286528E-4	0.12510378422796742	5.494917196238103E-4	0.007221387631412038	5.931579012267725E-4	0.0014064394769056454	8.599580262617843E-5	0.02025838550010991	1.2530344522741047E-4	6.0591502025931666E-5	0.03261111383333184	0.0011645347454244414
82	file:/Users/mlafleur/Projects/SDG_LLM/LLMs/chatgpt-api/results/separates/SDG_17/d_17_183.txt	2.622267250805795E-4	6.667187222777713E-5	0.0043630239679443	6.430595416063417E-5	0.0020482253016789443	0.7802394806497103	0.0013402973133491015	0.1640362301169184	2.7393669444112864E-4	0.001126830687214482	0.004057729415388842	8.713227451036609E-5	2.492703735214305E-4	8.14691875985673E-5	0.012060563896674533	4.988595528389342E-5	0.029526282734320248	6.643687997665014E-5
83	file:/Users/mlafleur/Projects/SDG_LLM/LLMs/chatgpt-api/results/separates/SDG_17/d_17_48.txt	0.001201777144632673	2.210020559597868E-4	3.937113976764757E-4	5.797388347487092E-5	2.37588694321203E-4	0.8118543358238774	2.4294975635583284E-4	0.15914659653252247	8.905436155018375E-4	0.021932252838075993	0.0020492212072216608	2.3944776589850857E-4	3.856204707684835E-4	3.952375324668339E-4	9.300596288838054E-5	5.27659455281775E-4	7.118088152261812E-5	5.989498155301638E-5
