#doc name topic proportion ...
0	file:/Users/mlafleur/Projects/SDG_LLM/LLMs/chatgpt-api/results/separates/SDG_14/d_14_522.txt	7.978534301019124E-5	0.013493801694822505	0.01588633639843937	2.3125955436141996E-4	8.103518492486485E-5	0.6949508668682648	2.56703441235919E-4	7.024388546242278E-4	4.309472923483241E-4	3.9336915332441395E-4	9.752042575404913E-4	0.0033130697619392024	2.3744722252586856E-4	0.005857730750376411	9.827114497673898E-5	3.8752720886186604E-4	7.521051887905557E-5	0.2625489953495446
1	file:/Users/mlafleur/Projects/SDG_LLM/LLMs/chatgpt-api/results/separates/SDG_14/d_14_23.txt	0.011392826925773395	4.553477031542261E-5	5.4484721866043776E-5	4.391892344967973E-5	5.8100209385901985E-5	0.6797543171558932	6.216155665117435E-5	1.379659119985667E-4	6.520164086424774E-5	3.8259051078760756E-5	3.335319125865674E-4	0.0523496396566965	2.9213216229772687E-4	5.56408665473068E-5	7.04579634764175E-5	3.40705223944671E-5	5.392406889608577E-5	0.25515783197982866
2	file:/Users/mlafleur/Projects/SDG_LLM/LLMs/chatgpt-api/results/separates/SDG_14/d_14_244.txt	0.020425350580090193	0.0014232374475932794	7.697257119662957E-4	3.0376337345446307E-4	1.06441099089957E-4	0.535224862709098	1.1388159321675576E-4	9.226654298255495E-4	7.893593871128034E-4	7.009157953138552E-5	0.03298993937920776	0.03405104079777322	8.858822113751898E-5	3.2523827896632036E-4	1.2908082692537955E-4	6.241808572751964E-5	9.879030078150942E-5	0.3721055251985019
3	file:/Users/mlafleur/Projects/SDG_LLM/LLMs/chatgpt-api/results/separates/SDG_14/d_14_37.txt	0.0013057729993295757	7.645813775260449E-4	7.814463898822132E-5	5.874455527089452E-4	8.333014709635428E-5	0.6975000743671859	8.91551289441244E-5	0.03708453843346635	0.004638791129888948	5.487299250480268E-5	4.783676966216075E-4	0.02386063870656535	6.935356325243297E-5	7.980283794090345E-5	0.0011499640310155964	4.88656008780148E-5	7.73405232208185E-5	0.23204896027286628
4	file:/Users/mlafleur/Projects/SDG_LLM/LLMs/chatgpt-api/results/separates/SDG_14/d_14_250.txt	0.00911604846261829	7.174214698401505E-5	8.584321162531405E-5	6.91963051461674E-5	9.153958025244835E-5	0.5559309154246903	0.0020183470893479698	4.094125734657418E-4	1.0272821560488877E-4	6.027891316785089E-5	3.334541633095415E-4	0.01200029226553364	7.618606579199347E-5	2.7970563807730117E-4	1.1100979618222531E-4	5.367969155250474E-5	8.495987681327639E-5	0.4191046605798363
5	file:/Users/mlafleur/Projects/SDG_LLM/LLMs/chatgpt-api/results/separates/SDG_14/d_14_536.txt	4.4211564331933604E-4	6.688674158449409E-5	8.003346643702691E-5	6.45131986633288E-5	2.643881299335156E-4	0.6554538738108308	9.131009001287854E-5	2.3616485082083177E-5	2.7481953452569447E-4	5.619932295796143E-5	3.108864647796015E-4	0.022825977831139647	7.102990235438231E-5	2.6077556248729154E-4	0.0011777597141877816	5.0046727177090605E-5	0.0038391300695902048	0.31464663730493714
6	file:/Users/mlafleur/Projects/SDG_LLM/LLMs/chatgpt-api/results/separates/SDG_14/d_14_278.txt	0.0062042249039625024	5.45749045659664E-5	2.1138894912494464E-4	4.9089996829909E-4	3.618094648844408E-4	0.6722726225320389	7.450264925923494E-5	1.9269400616714273E-5	7.814628915577324E-5	4.5854718206420875E-5	1.0757438252623356E-4	0.02256875734962862	6.423043791461169E-4	6.668738989462843E-5	0.002567929179478031	1.8692186649260837E-4	9.41153169629134E-4	0.2931053785030908
7	file:/Users/mlafleur/Projects/SDG_LLM/LLMs/chatgpt-api/results/separates/SDG_14/d_14_287.txt	0.021320210633492948	5.967477226031015E-5	7.140396990036573E-5	5.755715328358539E-5	7.614218188349407E-5	0.5823843969527128	8.146470731727394E-5	1.8080873849081255E-4	8.54488348710232E-5	5.0139709593469415E-5	1.1762689883473918E-4	0.07866941248145223	6.337120251724835E-5	7.291913446749592E-5	9.233741370067656E-5	2.0438917671281834E-4	7.066921625897141E-5	0.31634202682224993
8	file:/Users/mlafleur/Projects/SDG_LLM/LLMs/chatgpt-api/results/separates/SDG_14/d_14_293.txt	4.66945968501393E-4	2.597426364710271E-4	8.452834696683264E-5	6.813642196598871E-5	9.013746403793019E-5	0.6792179535971701	9.643829405108094E-5	2.4942846212041587E-5	0.0018030490295739676	0.0015721505577215693	0.0029757377739404473	0.026377134497434996	7.501912010715738E-5	2.754213731794419E-4	2.984088211716399E-4	5.285747709938475E-5	8.400560120402472E-4	0.28542133976235484
9	file:/Users/mlafleur/Projects/SDG_LLM/LLMs/chatgpt-api/results/separates/SDG_14/d_14_132.txt	0.006072601147694001	2.226138436237642E-4	2.3451412542846691E-4	5.839669216690708E-5	7.725280530222344E-5	0.5986584543712838	8.26529660394227E-5	0.004073093515242435	2.487638512996588E-4	2.1293970083556513E-4	0.0012538231373089746	0.038489394184784906	6.429554615762879E-5	7.398274594289327E-5	9.368426365354224E-5	4.5301789114093546E-5	7.170001002687996E-5	0.34996653530409505
10	file:/Users/mlafleur/Projects/SDG_LLM/LLMs/chatgpt-api/results/separates/SDG_14/d_14_126.txt	0.025312860742218498	2.8390112160211215E-4	9.239027075839006E-5	4.878484848184628E-4	7.185831991819506E-4	0.5875827109074706	3.1209532428481637E-4	2.7262763294302205E-5	1.1056305413744734E-4	6.487624359754205E-5	0.0034591964813185773	0.024903393715402438	2.886839676084976E-4	9.435075649603194E-5	3.2616362172038923E-4	5.777371492587878E-5	0.001538251158900351	0.35433909447226364
11	file:/Users/mlafleur/Projects/SDG_LLM/LLMs/chatgpt-api/results/separates/SDG_14/d_14_456.txt	7.586393913045168E-4	6.341253325437011E-5	7.587639540624617E-5	6.116227609049054E-5	4.203993558247678E-4	0.6076592494326846	8.656729244444901E-5	2.238980566465671E-5	9.080096793950926E-5	2.230242208909192E-4	0.00521731404223878	0.04930862806517571	2.3708447538797986E-4	7.748646310922574E-5	2.678650005638407E-4	4.744721713466393E-5	2.4483960408908524E-4	0.33513781346079646
12	file:/Users/mlafleur/Projects/SDG_LLM/LLMs/chatgpt-api/results/separates/SDG_14/d_14_330.txt	0.037734204451462514	5.650654774757545E-5	3.701288220140466E-4	3.570171539729033E-4	7.209967752262136E-5	0.6137829769547998	3.796554195642555E-4	0.005919009481431803	8.091222613388264E-5	1.987356148679022E-4	1.1138190769142068E-4	0.04076222216958418	2.112646276877215E-4	6.904774660095229E-5	8.743507982577074E-5	4.227994535015205E-5	6.719488751486723E-4	0.299093173298594
13	file:/Users/mlafleur/Projects/SDG_LLM/LLMs/chatgpt-api/results/separates/SDG_14/d_14_324.txt	0.01056531380666628	2.0890197720940449E-4	2.2006926293559247E-4	5.479975664394647E-5	7.249443030992558E-5	0.6398043203317587	7.756196895391085E-5	0.003670125878565805	2.334412790722664E-4	4.7737661214455293E-5	4.1616383570228867E-4	0.012849479965071721	6.0335271605064554E-5	3.7359789093867704E-4	8.791379544081022E-5	4.2511432186813776E-5	2.193697092147321E-4	0.33099586174650975
14	file:/Users/mlafleur/Projects/SDG_LLM/LLMs/chatgpt-api/results/separates/SDG_14/d_14_442.txt	8.191602517191848E-5	6.520559085122114E-5	2.5256555988018085E-4	6.289170524521046E-5	8.319924434326735E-5	0.525875203135667	2.6355875353338586E-4	2.3022901506735593E-5	2.67912140757649E-4	5.478679289950627E-5	0.0029212277208337314	0.025568592971523512	6.924461621846657E-5	7.967747621343002E-5	2.7543917162344586E-4	4.8788838242773283E-5	7.721902952654863E-5	0.44392954832596193
15	file:/Users/mlafleur/Projects/SDG_LLM/LLMs/chatgpt-api/results/separates/SDG_14/d_14_318.txt	2.3987940709959107E-4	6.099000464313593E-5	7.297771387823324E-5	5.882571332989138E-5	7.782035608540533E-5	0.5560379187823653	2.46519499200877E-4	2.1534455120545367E-5	0.0015566659104348224	7.042820258718804E-4	0.002895627652627239	0.0338743837449777	2.2802721343310846E-4	7.45262726826352E-5	9.437253092099454E-5	4.563460635989658E-5	7.222676626163036E-5	0.4036377873447073
16	file:/Users/mlafleur/Projects/SDG_LLM/LLMs/chatgpt-api/results/separates/SDG_14/d_14_495.txt	0.0011880146413675698	6.956292337828199E-4	7.109733109051525E-5	5.7309978553582454E-5	2.3486787774056598E-4	0.688834479883469	2.4016754600174494E-4	2.09795868381664E-5	8.508188147803228E-5	4.99243885000142E-5	5.942798068943514E-4	0.021549765121413295	3.8120442490528484E-4	7.260598890094492E-5	0.027767107641668242	4.4458760697389065E-5	5.475237804438448E-4	0.2575655021262548
17	file:/Users/mlafleur/Projects/SDG_LLM/LLMs/chatgpt-api/results/separates/SDG_14/d_14_481.txt	0.051626793446114094	3.306459098064928E-4	1.0760248131386325E-4	8.673596887285167E-5	1.147427477036327E-4	0.5476009029277341	1.227635474481008E-4	2.724704093062086E-4	1.2876744346750345E-4	7.555822417355802E-5	4.17977085167258E-4	0.0010803992926829136	0.001780528981557615	1.0988576426367049E-4	1.3914821327387598E-4	6.728625243453785E-5	3.4721402858998643E-4	0.39559057727608943
18	file:/Users/mlafleur/Projects/SDG_LLM/LLMs/chatgpt-api/results/separates/SDG_14/d_14_480.txt	2.7927247777073476E-4	7.10058021315087E-5	8.496213669711324E-5	6.848609022719947E-5	2.806698427111131E-4	0.5238052660090116	9.693320425654793E-5	2.5070850022822338E-5	2.9174364049045767E-4	5.9660224303748265E-5	0.0016605202918795966	0.06243569179087777	7.54041095816344E-5	8.676500030890912E-5	8.701496316370479E-4	5.312873557724487E-5	4.6422747543156505E-4	0.4092910426870832
19	file:/Users/mlafleur/Projects/SDG_LLM/LLMs/chatgpt-api/results/separates/SDG_14/d_14_494.txt	7.348869468378642E-5	5.84973910499747E-5	3.8316923088176427E-4	5.642155262304357E-5	2.312269286754697E-4	0.6438635284860317	5.496184997239165E-4	2.065435885118342E-5	0.0019628072854429553	4.915045484257546E-5	0.03237223418662685	2.330362210419957E-4	3.75294949723657E-4	7.148044244498684E-5	2.471026291242642E-4	4.3769555835686763E-5	2.2586194447504057E-4	0.3191826571879213
20	file:/Users/mlafleur/Projects/SDG_LLM/LLMs/chatgpt-api/results/separates/SDG_14/d_14_319.txt	3.2068093366012724E-4	4.851514092503302E-5	5.8050890369749935E-5	3.065262032114288E-4	6.190302106731512E-5	0.6082753895823833	6.623019420457479E-5	6.664614853693605E-4	6.946925993389656E-5	4.076320670745625E-5	9.562978386659895E-5	0.02863399733212824	5.1520310916342525E-5	5.9282707764515736E-5	0.004750257693212962	3.630052779243328E-5	5.745354118671611E-5	0.35640156818530006
21	file:/Users/mlafleur/Projects/SDG_LLM/LLMs/chatgpt-api/results/separates/SDG_14/d_14_325.txt	7.21665541619616E-5	5.744496017661388E-5	6.87358837246332E-5	0.001131795492814829	7.329704731804995E-5	0.590761869921658	7.842069086123371E-5	2.0282764758963333E-5	8.225594720147276E-5	4.8266185387346894E-5	0.001958469970896677	0.0411316265803306	2.147731299824284E-4	5.315040144670578E-4	2.4265698751339582E-4	9.656012583907757E-4	3.7556830623032404E-4	0.3621852643041258
22	file:/Users/mlafleur/Projects/SDG_LLM/LLMs/chatgpt-api/results/separates/SDG_14/d_14_443.txt	0.01165735929925565	5.2173989096239526E-5	6.242889257723552E-5	5.0322542911917656E-5	2.0623195392021034E-4	0.6329210830755553	7.122505189896982E-5	0.015800048683698744	7.470839703249778E-5	1.8349784611637837E-4	1.0284185937832108E-4	0.03959208296499441	5.540579886468289E-5	6.223952732845743E-4	4.997123681078486E-4	3.903819107022134E-5	0.0022963531485451806	0.29571309066369156
23	file:/Users/mlafleur/Projects/SDG_LLM/LLMs/chatgpt-api/results/separates/SDG_14/d_14_457.txt	6.285845110078379E-5	5.003566073203801E-5	1.938067656743777E-4	1.8219658951092757E-4	6.384313229551384E-5	0.5760417562197154	2.0224241821295222E-4	1.7666676642599207E-5	7.164650571105899E-5	4.2040772061569127E-5	7.683094014906363E-4	0.014530532086162147	5.3135016175725444E-5	0.002873807074481782	7.742239022961088E-5	3.743822770344498E-5	1.9319069488717692E-4	0.4045380719172123
24	file:/Users/mlafleur/Projects/SDG_LLM/LLMs/chatgpt-api/results/separates/SDG_14/d_14_331.txt	0.04548372722923241	5.84973910499747E-5	6.99951720228083E-5	5.642155262304357E-5	2.312269286754697E-4	0.5262666693844937	7.985741143548257E-5	2.065435885118342E-5	2.4034996171869762E-4	2.0573748427205347E-4	7.416542418722898E-4	0.0030516027507725987	3.75294949723657E-4	7.148044244498684E-5	2.471026291242642E-4	4.3769555835686763E-5	2.2586194447504057E-4	0.4225300966113768
25	file:/Users/mlafleur/Projects/SDG_LLM/LLMs/chatgpt-api/results/separates/SDG_14/d_14_127.txt	1.0918817411073138E-4	8.691436616845191E-5	1.0399756129323601E-4	8.383012295851624E-5	1.1089861303900473E-4	0.5501939430807806	1.1865069833351571E-4	3.068787301356302E-5	1.2445345061814724E-4	7.302685731546673E-5	0.0041264407760012	0.04222399299290988	9.229809669139772E-5	1.062043492373704E-4	1.3448644178180093E-4	0.004718115569093041	5.682357719216678E-4	0.3969946352047321
26	file:/Users/mlafleur/Projects/SDG_LLM/LLMs/chatgpt-api/results/separates/SDG_14/d_14_133.txt	0.007876296672908732	9.193547734769351E-4	9.396337523667425E-5	7.063615318336311E-4	3.104051613285136E-4	0.5919117471921328	1.0720270697665575E-4	2.77269590876106E-5	3.226521628339613E-4	6.598087407973252E-5	0.028112265283560013	0.009561923571192238	8.33927313794493E-5	9.367835659877816E-4	9.62336865903513E-4	5.8757412548268964E-5	9.299648316877967E-5	0.3578498526763645
27	file:/Users/mlafleur/Projects/SDG_LLM/LLMs/chatgpt-api/results/separates/SDG_14/d_14_292.txt	7.776269140952523E-5	6.1899515130252E-5	7.406599049808883E-5	0.0063560713662037475	7.898084837237793E-5	0.5696320122694563	8.450180356232399E-5	2.1855586638423853E-5	8.863446388850642E-5	5.20089745641414E-5	9.504816909879026E-4	0.07000372357948648	2.314276581974392E-4	7.563764211057894E-5	9.242493853016133E-4	4.631513021462645E-5	2.389977501293531E-4	0.3510013736538485
28	file:/Users/mlafleur/Projects/SDG_LLM/LLMs/chatgpt-api/results/separates/SDG_14/d_14_286.txt	0.05352658401401966	7.004720432889884E-5	8.381512455024601E-5	2.550653183506112E-4	8.937691373459408E-5	0.5767349701804217	9.562457941447987E-5	2.4732386671659453E-5	1.003012122068514E-4	5.8854794913416696E-5	0.01907595706108664	0.01752939768407646	7.438613342218145E-5	4.606012672573646E-4	0.01623371472115509	5.2411483076027256E-5	0.0012079755136926893	0.31432618440762145
29	file:/Users/mlafleur/Projects/SDG_LLM/LLMs/chatgpt-api/results/separates/SDG_14/d_14_279.txt	0.012970884068877067	5.7365570314836566E-5	6.86408896243455E-5	5.5329895678669875E-5	2.267530978310543E-4	0.580117757200355	7.831231220122919E-5	2.0254733650825644E-5	2.35699616370296E-4	4.81994807404181E-5	0.0013415339409392003	0.042456798142716315	6.091896183668928E-5	7.009742269891017E-5	8.876428342667268E-5	4.292269258292571E-5	2.2149191655675138E-4	0.361838275773599
30	file:/Users/mlafleur/Projects/SDG_LLM/LLMs/chatgpt-api/results/separates/SDG_14/d_14_251.txt	0.0010898029222791176	6.293182977654667E-5	7.530120868392775E-5	6.069863085634796E-5	8.029803294773393E-5	0.6670665890367657	7.597399704538909E-4	2.2220078058796552E-5	2.5856987134278574E-4	5.2876342039772726E-5	1.2404699162185638E-4	0.040175064498994106	4.037444656605253E-4	7.689907114758579E-5	9.737720280974464E-5	4.708753993649577E-5	4.1144080602522026E-4	0.28913531150059996
31	file:/Users/mlafleur/Projects/SDG_LLM/LLMs/chatgpt-api/results/separates/SDG_14/d_14_36.txt	0.02760902363539877	6.149178184142816E-4	4.4602708097062673E-4	6.125014444481358E-4	8.688436779753909E-5	0.7270677675957762	9.295779839751689E-5	2.4042649161868298E-5	2.7977870663073266E-4	5.721345070261452E-5	0.0012278699592283863	4.5353986458193305E-4	7.231165079700077E-5	8.320661086710372E-5	1.0536443289369735E-4	5.0949830130792316E-5	0.026510470411829707	0.21460517269197335
32	file:/Users/mlafleur/Projects/SDG_LLM/LLMs/chatgpt-api/results/separates/SDG_14/d_14_537.txt	7.978534301019124E-5	4.0351695244658653E-4	7.599248881650378E-5	6.125585640848597E-5	8.103518492486485E-5	0.6536399682657018	4.267071391888529E-4	0.0013824536464359636	4.309472923483241E-4	5.3361757418545946E-5	0.0016552190493522273	0.056864234617113395	6.744352457293451E-5	7.76050199766545E-5	2.6827484292967293E-4	4.751981295599815E-5	7.521051887905557E-5	0.28430946868752016
33	file:/Users/mlafleur/Projects/SDG_LLM/LLMs/chatgpt-api/results/separates/SDG_14/d_14_523.txt	0.0014012243681067963	3.9270171204177945E-4	2.3940288782017114E-4	5.9614049765064156E-5	7.886324394222067E-5	0.6093183760962657	2.4982316170150406E-4	5.181645933542953E-4	7.502912186177185E-4	5.1931531918959354E-5	9.490664003200118E-4	0.07006493349284568	6.563587330182623E-5	7.552501579695777E-5	0.0017501090722220843	3.771405326594584E-4	0.003713032728149873	0.3099441640211701
34	file:/Users/mlafleur/Projects/SDG_LLM/LLMs/chatgpt-api/results/separates/SDG_14/d_14_245.txt	9.203660153180727E-5	7.326162335422001E-5	6.759860420479669E-4	7.066186137768804E-5	6.818030579917594E-4	0.5329942022124342	1.0001272695445852E-4	2.5867339237156532E-5	1.049039672756567E-4	4.5377206706749367E-4	9.288413167125474E-4	0.051279993018286875	7.779966298104341E-5	8.95214839089801E-5	0.0012900103449291337	8.392495412478936E-4	4.7897576585020837E-4	0.4097431013668109
35	file:/Users/mlafleur/Projects/SDG_LLM/LLMs/chatgpt-api/results/separates/SDG_14/d_14_22.txt	0.051473062546716825	5.582261521745745E-5	2.1622179758392613E-4	2.032688278999627E-4	7.122701202040345E-5	0.6381819741763729	7.620595501458793E-5	0.003755388294773682	7.99328970871953E-5	1.963301989060504E-4	2.5946091988625916E-4	0.013371968502265408	8.064161016486646E-4	6.821202044329189E-5	0.0021783566769753345	4.17682058942972E-5	6.610734012918286E-5	0.2888982759111647
36	file:/Users/mlafleur/Projects/SDG_LLM/LLMs/chatgpt-api/results/separates/SDG_14/d_14_535.txt	0.004137287435327188	7.199100083963314E-5	8.614097821147933E-5	6.943632817383044E-5	2.8456410991390237E-4	0.7378476291579337	8.691061589191603E-4	7.962467213988788E-4	4.884985595104094E-4	6.0488004205475257E-5	1.419038205263046E-4	6.722047601297711E-4	7.645033438463728E-5	2.8067586031624753E-4	0.0222727003110425	5.3865891698065016E-5	0.004132101661944333	0.22765870890552437
37	file:/Users/mlafleur/Projects/SDG_LLM/LLMs/chatgpt-api/results/separates/SDG_14/d_14_34.txt	8.443618949360046E-5	6.721165502843873E-5	8.042224227802124E-5	0.020754885057133344	2.656724391373996E-4	0.703796151285381	9.175364392371604E-5	2.3731206076410487E-5	9.958087238307524E-4	5.962129763599311E-4	8.521373032262807E-4	0.024915907876860734	7.137494188912866E-5	4.419558750011623E-4	8.236537734817029E-4	5.028983745724568E-5	2.5950824171183917E-4	0.24582888673172956
38	file:/Users/mlafleur/Projects/SDG_LLM/LLMs/chatgpt-api/results/separates/SDG_14/d_14_253.txt	9.576431239537809E-4	6.541109853792072E-5	7.826778275378494E-5	6.308992028611125E-5	8.346146241409429E-5	0.601247081257772	2.643894085284714E-4	2.3095462512133994E-5	0.0011442254412892406	5.4959463784371896E-5	1.2893395951016516E-4	0.048236275467950056	6.946285365347311E-5	7.992859476944531E-5	1.0121348498767297E-4	4.894260544514263E-5	7.746239982532248E-5	0.3472761562120268
39	file:/Users/mlafleur/Projects/SDG_LLM/LLMs/chatgpt-api/results/separates/SDG_14/d_14_20.txt	0.05723723428319423	5.882901805249406E-5	7.039198098594513E-5	0.0011590645597773605	7.506303958799687E-5	0.577909816007405	8.031013032615377E-5	2.077145028025118E-5	0.002131409352999472	4.942909321805414E-5	5.883840114051624E-4	0.0011792057372643028	2.199477952823207E-4	2.2936040700733746E-4	2.48503476285826E-4	4.4017689407848845E-5	6.966764080672888E-5	0.3586285943267138
40	file:/Users/mlafleur/Projects/SDG_LLM/LLMs/chatgpt-api/results/separates/SDG_14/d_14_247.txt	9.318792140161915E-5	7.417808008185393E-5	2.8731935532119295E-4	0.003645651410761452	9.464771546547593E-5	0.629212825482752	2.998252461277555E-4	2.61909233455138E-5	3.0477767278217426E-4	2.608870465886896E-4	0.005705934688141623	0.00625234611605071	7.877288772385171E-5	9.064134124273699E-5	1.1477902317183413E-4	5.550233197841315E-5	4.8496745075820804E-4	0.3529175653063049
41	file:/Users/mlafleur/Projects/SDG_LLM/LLMs/chatgpt-api/results/separates/SDG_14/d_14_521.txt	0.005834673534342229	5.666081487200162E-5	6.779761306842013E-5	5.465014918757734E-5	2.2396735929487195E-4	0.61576199232447	3.806919074082948E-4	2.0005897394073574E-5	3.8447481105750695E-4	4.760733380965112E-5	0.012093682682923526	0.01569614595892446	6.017055177660212E-5	6.923625214129816E-5	0.008884582749566194	4.239537278024741E-5	6.709996918182147E-5	0.34025416471780134
42	file:/Users/mlafleur/Projects/SDG_LLM/LLMs/chatgpt-api/results/separates/SDG_14/d_14_509.txt	7.518398315165101E-5	5.404447144039187E-4	7.160986947317197E-5	5.7723124353395226E-5	7.636174450367083E-5	0.6294001517118155	0.0010428953473732958	1.8133011625267705E-4	8.569523403652177E-5	5.0284291817683694E-5	4.3836466274312926E-4	0.02843348679424448	6.355393890494117E-5	7.312940314943626E-5	2.528029649287837E-4	4.4779262479287904E-5	7.087299710559069E-5	0.339041329839263
43	file:/Users/mlafleur/Projects/SDG_LLM/LLMs/chatgpt-api/results/separates/SDG_14/d_14_290.txt	0.0010272509804713577	7.016561120323008E-5	4.5959833073790047E-4	6.767571431431853E-5	8.95279952958652E-5	0.556861770696079	9.578622194777134E-5	2.4774193973301248E-5	1.0047076005880113E-4	4.3459580848763445E-4	3.261264983063414E-4	0.056062285583406674	7.451187476527277E-5	8.573833538909563E-5	8.598534050640084E-4	5.2500078758746556E-5	0.0010221966965368982	0.3822851712152037
44	file:/Users/mlafleur/Projects/SDG_LLM/LLMs/chatgpt-api/results/separates/SDG_14/d_14_284.txt	0.0040910207174933875	2.296481913594802E-4	7.47346768450354E-5	0.003069658935876524	7.96939072894558E-5	0.6143987831633041	2.5245453892291117E-4	8.580020637322742E-4	2.5662450994349054E-4	8.8842768401031E-4	0.012495161277546518	0.011450534277728647	6.632721329103009E-5	2.435103495973734E-4	2.638344131669954E-4	4.673327483165379E-5	7.396564991240214E-5	0.35116088515514865
45	file:/Users/mlafleur/Projects/SDG_LLM/LLMs/chatgpt-api/results/separates/SDG_14/d_14_125.txt	0.0010311682830380533	8.619245690177354E-5	1.0313375929456494E-4	8.313383136417557E-5	1.0997749102035627E-4	0.731816498529574	0.0010405522116934557	3.0432980055358584E-5	1.234197423460624E-4	5.338638094987112E-4	0.0038614448721541227	0.013033061713617749	9.153147024935295E-5	1.053222176950727E-4	1.333693996534983E-4	6.449186001738506E-5	0.0019478465512404112	0.24580455882058583
46	file:/Users/mlafleur/Projects/SDG_LLM/LLMs/chatgpt-api/results/separates/SDG_14/d_14_131.txt	0.012529818793293294	5.816948194027743E-5	6.960281171187582E-5	5.61052796960586E-5	7.422150275906571E-5	0.5248737564741246	7.940976800700613E-5	2.0538580142070162E-5	8.32933963311266E-5	4.887494030082647E-5	0.01085859978297231	0.05379572070911552	2.1748194562863998E-4	7.107975640032413E-5	2.4571748695526095E-4	4.352420410583502E-5	6.88865921595464E-5	0.39680519849435647
47	file:/Users/mlafleur/Projects/SDG_LLM/LLMs/chatgpt-api/results/separates/SDG_14/d_14_119.txt	9.255554408893471E-4	6.321937330512663E-5	7.564526947682372E-5	6.0975970615232764E-5	7.575726426671236E-4	0.6179926067923044	8.630360113680734E-5	2.2321604419511554E-5	9.052438049758987E-5	3.9157179966755956E-4	0.019416483735431114	0.005667108937426532	6.713536653741527E-5	2.464773622274988E-4	9.782213162555345E-5	7.242104066924239E-4	2.440938019097443E-4	0.35307037138317043
48	file:/Users/mlafleur/Projects/SDG_LLM/LLMs/chatgpt-api/results/separates/SDG_14/d_14_441.txt	0.04388511265877888	7.052324590953324E-5	4.6194090726808687E-4	2.5679874509441843E-4	2.787624073346311E-4	0.5508275296983902	9.627444512101442E-5	2.4900468246889154E-5	1.0098286036191987E-4	5.925477275502968E-5	0.01882804130349728	0.02085775514662078	0.014044470107741796	4.6373151859870103E-4	2.979018237537315E-4	5.276767209864343E-5	8.35164061410282E-5	0.34930973581228736
49	file:/Users/mlafleur/Projects/SDG_LLM/LLMs/chatgpt-api/results/separates/SDG_14/d_14_327.txt	0.011235062320328981	0.0012849927489714265	2.5216942866468703E-4	6.27930640541665E-5	8.306875221359812E-5	0.6818933315957248	8.887546191736981E-5	0.0329600013605973	0.01473189516288751	5.470086369017707E-5	3.0259720647792806E-4	0.004964640076279702	6.913601093593304E-5	7.95525077279608E-5	1.0073724641201493E-4	4.8712316401058955E-5	4.2563775364856714E-4	0.2513620961230669
50	file:/Users/mlafleur/Projects/SDG_LLM/LLMs/chatgpt-api/results/separates/SDG_14/d_14_333.txt	0.01403195986626942	2.9613360875347186E-4	1.8053203982122538E-4	4.4954537115588995E-5	5.947021953428754E-5	0.5817500271552102	6.362733387214624E-5	1.6456603875785585E-5	6.673910364828178E-5	3.9161204251692735E-5	9.652094437376735E-4	0.026136287137864984	4.9495552039985935E-5	3.064780079888145E-4	3.2164449390252717E-4	3.4873909541167185E-5	5.519560513340277E-5	0.3755817541774395
51	file:/Users/mlafleur/Projects/SDG_LLM/LLMs/chatgpt-api/results/separates/SDG_14/d_14_455.txt	0.03731875700655349	1.7003456855877873E-4	5.533454654486554E-5	4.46039482371162E-5	5.9006426580187105E-5	0.5897158548453145	6.31311206519969E-5	1.6328263052668044E-5	6.6218622535593E-5	3.8855796086929674E-5	0.0359901304203736	0.029769933632874595	4.910954895347939E-5	5.65087241764452E-5	7.155693056537494E-5	3.460193688571391E-5	3.023442894126997E-4	0.30617768937264195
52	file:/Users/mlafleur/Projects/SDG_LLM/LLMs/chatgpt-api/results/separates/SDG_14/d_14_469.txt	3.2100570594568507E-4	8.161659115645628E-5	9.715504326467696E-4	7.872034479133274E-5	1.0413890314381517E-4	0.6427163537276233	1.1141846812235766E-4	0.0011211822440538167	3.3534050336204426E-4	6.857558099665168E-5	0.041452271056267635	0.033314556782136635	3.0514514567118566E-4	9.973077332168677E-5	0.0023110187972584157	4.980140232502372E-4	0.027624249528807522	0.24848511139144427
53	file:/Users/mlafleur/Projects/SDG_LLM/LLMs/chatgpt-api/results/separates/SDG_14/d_14_482.txt	5.437553403031746E-4	8.226359659881417E-5	9.843267352264927E-5	7.934439059847318E-5	1.0496445143173704E-4	0.5786670692082823	1.1230172426222945E-4	2.9045771341996193E-5	5.58203775054934E-4	6.911920544223328E-5	1.6215247060685168E-4	0.03247762930846371	0.0014085886525369703	1.0052137670508462E-4	5.676999029581927E-4	6.15521653179397E-5	3.1762469323538383E-4	0.3845597312933371
54	file:/Users/mlafleur/Projects/SDG_LLM/LLMs/chatgpt-api/results/separates/SDG_14/d_14_496.txt	9.637177998548477E-4	6.582602473956262E-5	7.87642635427467E-5	5.921035266098811E-4	8.399088858728234E-5	0.5751062488834341	8.986205788731118E-5	2.3241965364853512E-5	9.42568677707014E-5	5.530809149529629E-5	0.007354135024784018	0.021759176423520966	6.99034815998901E-5	2.5664007875278607E-4	1.0185551864586828E-4	4.925306605243603E-5	7.827716440375827E-4	0.39247294439332
55	file:/Users/mlafleur/Projects/SDG_LLM/LLMs/chatgpt-api/results/separates/SDG_14/d_14_497.txt	4.50093706339253E-4	2.5036842339334827E-4	8.147768594969369E-5	2.4795204942720263E-4	8.688436779753908E-5	0.632102650192823	9.295779839751687E-5	0.033744861688598186	9.750400912026606E-5	5.721345070261451E-5	0.003961990421885384	0.01631143854799252	4.368610458179337E-4	6.300307033985034E-4	0.0013812873154669637	5.094983013079231E-5	0.0011742874578748559	0.3088411913048845
56	file:/Users/mlafleur/Projects/SDG_LLM/LLMs/chatgpt-api/results/separates/SDG_14/d_14_483.txt	0.03150402825079852	8.035263972808788E-5	9.614611419933885E-5	7.750124594352712E-5	1.0252616100998825E-4	0.5557608765052544	9.700514405773811E-4	2.83710474227124E-5	1.1505765641845307E-4	6.751358854727635E-5	3.734753332126031E-4	0.0016106387104259296	7.305987546050173E-4	9.818629747913917E-5	3.394228046328213E-4	6.0122328329459504E-5	9.515676153992159E-5	0.40788997435987523
57	file:/Users/mlafleur/Projects/SDG_LLM/LLMs/chatgpt-api/results/separates/SDG_14/d_14_468.txt	0.030311404479627616	8.177738650311293E-5	9.785089784552958E-5	7.887543415429558E-5	5.421508784239031E-4	0.56649078388399	1.1163797705984006E-4	4.666809074866683E-4	3.360011679612647E-4	2.8761408786795987E-4	0.024021665123950674	0.013022174237382037	0.001400263341562619	5.377340640101641E-4	3.454411700270018E-4	6.118836789809427E-5	9.68440028002537E-5	0.3617099125914487
58	file:/Users/mlafleur/Projects/SDG_LLM/LLMs/chatgpt-api/results/separates/SDG_14/d_14_332.txt	0.0010881531569091314	6.283656231918098E-5	7.518721621440395E-5	0.0019108310877724221	8.017647618611493E-5	0.6934737310774848	8.578100869536723E-5	0.001367804145380195	0.0019402005737691273	2.209985098447907E-4	2.9206141987998975E-4	0.034899978081157586	0.006626615152643161	0.0036090291341621394	9.722979126061274E-5	4.701625788066992E-5	7.441353260861957E-5	0.25404795681583187
59	file:/Users/mlafleur/Projects/SDG_LLM/LLMs/chatgpt-api/results/separates/SDG_14/d_14_454.txt	0.038945817607102355	5.808807826702518E-5	2.2499678046549332E-4	2.115181371976807E-4	7.411763552907915E-5	0.5882016818706042	0.09057527742595702	2.0509837993933674E-5	0.0013271078135634092	4.8806543616899386E-5	0.0015139216666738777	0.0016308279929158468	6.16862240485791E-5	7.098028580041743E-5	8.988225192753683E-5	4.346329536174077E-5	3.797729356909286E-4	0.2765215436172842
60	file:/Users/mlafleur/Projects/SDG_LLM/LLMs/chatgpt-api/results/separates/SDG_14/d_14_440.txt	0.041486165519026924	6.753974052306181E-5	8.08148136426948E-5	6.514302528147174E-5	8.61775087274416E-5	0.5665756430464383	9.220152814316349E-5	2.3847047063814933E-5	9.671075257752259E-5	4.1833153925856275E-4	8.562969075166003E-4	0.06426934767001798	7.172334996066745E-5	8.252967266666081E-5	0.009324887905424876	5.0535321163750064E-5	7.998322152414133E-5	0.3162721214310426
61	file:/Users/mlafleur/Projects/SDG_LLM/LLMs/chatgpt-api/results/separates/SDG_14/d_14_326.txt	4.4788945563307454E-4	6.776024945064181E-5	8.107866404766996E-5	6.535570922921697E-5	6.30604990314767E-4	0.6108688402487537	2.73884595648718E-4	9.308351091395369E-4	2.784085421450296E-4	2.3831529928765717E-4	8.590926113689428E-4	0.022579927724472617	7.195751785737223E-5	8.279912187496862E-5	0.0010117586344716284	5.070031275815698E-5	0.001168536602171208	0.36029225461137515
62	file:/Users/mlafleur/Projects/SDG_LLM/LLMs/chatgpt-api/results/separates/SDG_14/d_14_118.txt	0.00832470052401611	6.55143389200824E-5	7.839131524266013E-5	6.31894970800572E-5	8.359319224997848E-5	0.5460776032067015	8.943656159973193E-5	2.313191480278879E-5	9.381056208554141E-5	5.504620802458995E-5	0.009599125073978282	0.051293700686810946	6.957248904742799E-5	2.554248895692676E-4	6.274836563941055E-4	4.901985308970277E-5	7.758466115313816E-5	0.38307367136923415
63	file:/Users/mlafleur/Projects/SDG_LLM/LLMs/chatgpt-api/results/separates/SDG_14/d_14_130.txt	0.04653785572142376	7.352114920157394E-5	8.79718803404814E-5	7.09121776907867E-5	9.380950278905434E-5	0.5386215648488761	4.939728909233785E-4	2.5958973067079408E-5	1.052755846348076E-4	6.177365962730016E-5	0.0011289346300926574	0.057365738080308135	7.807526461986298E-5	8.983860954589819E-5	0.0012945801457680305	4.486166695894944E-4	2.8386957812393324E-4	0.3531377306333774
64	file:/Users/mlafleur/Projects/SDG_LLM/LLMs/chatgpt-api/results/separates/SDG_14/d_14_124.txt	0.05303235263579152	0.0012543387699957113	8.79718803404814E-5	7.09121776907867E-5	9.380950278905434E-5	0.5531849821720038	2.9716995412435603E-4	2.5958973067079408E-5	1.052755846348076E-4	6.177365962730016E-5	0.019431607752401794	0.04929681767154819	7.807526461986298E-5	8.983860954589819E-5	1.1376252497389281E-4	5.5010795991448566E-5	8.706664132491033E-5	0.3226332754295288
65	file:/Users/mlafleur/Projects/SDG_LLM/LLMs/chatgpt-api/results/separates/SDG_14/d_14_285.txt	8.335640926146824E-5	6.63521442321338E-5	7.939379288971556E-5	2.4161036766506068E-4	8.46621921311159E-5	0.6273030584021524	9.058028719683015E-5	2.0104052416722543E-4	9.501022293135514E-5	5.5750145609116974E-5	0.003150206411261534	0.02743908495511028	7.046219047550278E-5	8.107849840405074E-5	2.8028240223201774E-4	4.964672491641279E-5	0.0011442535970040935	0.3394841707323599
66	file:/Users/mlafleur/Projects/SDG_LLM/LLMs/chatgpt-api/results/separates/SDG_14/d_14_291.txt	0.06049337225126675	7.326162335422E-5	2.837695767899477E-4	2.6677009400669755E-4	0.0012701277558787877	0.5480945361248678	1.0001272695445851E-4	2.5867339237156525E-5	8.893368977916943E-4	6.155560180947452E-5	0.0021054907124866042	0.08010790321475127	7.77996629810434E-5	8.952148390898009E-5	3.0946918178408544E-4	2.5092484336086495E-4	8.675930059218923E-5	0.30541352160817775
67	file:/Users/mlafleur/Projects/SDG_LLM/LLMs/chatgpt-api/results/separates/SDG_14/d_14_508.txt	7.905956045782757E-5	3.998462837169767E-4	7.530120868392775E-5	0.004440586532081938	8.029803294773393E-5	0.6360704592742462	4.2282551651346085E-4	2.2220078058796552E-5	7.639415522534305E-4	5.2876342039772726E-5	0.02505571658321368	0.013221908183759708	6.683001172009519E-5	7.689907114758579E-5	9.737720280974464E-5	2.155447669067107E-4	7.452635208479032E-5	0.3187837834473578
68	file:/Users/mlafleur/Projects/SDG_LLM/LLMs/chatgpt-api/results/separates/SDG_14/d_14_246.txt	0.06095892575929642	6.040181923180188E-4	8.003346643702691E-5	6.45131986633288E-5	4.4343194684469053E-4	0.6114090948506817	9.131009001287854E-5	2.3616485082083177E-5	9.577571761451966E-5	5.619932295796143E-5	1.318426478684267E-4	0.023721196915695516	7.102990235438231E-5	8.17317455761167E-5	1.0349681272073241E-4	5.0046727177090605E-5	2.582537313667072E-4	0.3017554824873325
69	file:/Users/mlafleur/Projects/SDG_LLM/LLMs/chatgpt-api/results/separates/SDG_14/d_14_21.txt	0.03190602357245727	6.831787303644273E-5	8.174588968135277E-5	2.4876824424365765E-4	8.717036894490263E-5	0.6850225370638939	9.32637917271804E-5	2.412179142209601E-5	9.782496741446604E-5	5.74017827692494E-5	0.0047065310794461865	8.928340345744225E-5	0.003912918366727009	8.348050577800042E-5	4.7146066421386836E-4	5.111754395831696E-5	2.637794159610913E-4	0.2727342536748678
70	file:/Users/mlafleur/Projects/SDG_LLM/LLMs/chatgpt-api/results/separates/SDG_14/d_14_520.txt	7.858299700239441E-5	3.974360486295719E-4	7.484730021288523E-5	5.626580941650787E-4	7.981400409879454E-5	0.6292223353971085	8.539319891931669E-5	2.2086137557250975E-5	2.570112369329251E-4	5.2557608516246735E-5	4.5818281413496123E-4	0.057346838485969664	5.687525156524509E-4	7.643553091470981E-5	9.67902223612993E-5	2.1424548370398673E-4	0.001915936726787535	0.3084900961973327
71	file:/Users/mlafleur/Projects/SDG_LLM/LLMs/chatgpt-api/results/separates/SDG_14/d_14_534.txt	0.041883762711447406	6.479842525475406E-5	2.5098845574703533E-4	6.249898832715621E-5	6.03041025696804E-4	0.6181644882679288	8.845923575496786E-5	2.2879138781760344E-5	9.278543896812587E-5	2.2789845422874734E-4	4.746338360357501E-4	0.05489607473173762	2.4226599804592832E-4	7.917994330706536E-5	0.020047448840745684	2.219379528141905E-4	2.5019061644058837E-4	0.26232666793873777
72	file:/Users/mlafleur/Projects/SDG_LLM/LLMs/chatgpt-api/results/separates/SDG_14/d_14_252.txt	0.007175681927112207	6.028141646964879E-5	7.212985126066473E-5	5.81422701164271E-5	7.691623115048647E-5	0.5771708081191336	8.229286452822926E-5	2.1284265596701392E-5	2.4768003975512716E-4	5.064942187775122E-5	0.011898288508905197	0.036223990932169714	2.2537796971493942E-4	7.366041874892942E-5	9.327610110919271E-5	6.90554601463275E-4	7.138762823103551E-5	0.36570759743265707
73	file:/Users/mlafleur/Projects/SDG_LLM/LLMs/chatgpt-api/results/separates/SDG_14/d_14_35.txt	0.008033086477803627	2.3244630275546662E-4	2.448721989271636E-4	2.3020290006557273E-4	5.883457132167835E-4	0.6961754481983613	4.247574600374874E-4	2.2321604419511554E-5	4.2897823939826987E-4	5.311794076687955E-5	4.6306763699302886E-4	0.028851198272123107	4.055892254380951E-4	2.4647736222749886E-4	9.782213162555345E-5	4.7302688891064E-5	7.517745902607643E-4	0.2627031910566889
74	file:/Users/mlafleur/Projects/SDG_LLM/LLMs/chatgpt-api/results/separates/SDG_14/d_14_518.txt	2.3709246337121396E-4	6.028141646964879E-5	3.948549425974551E-4	5.81422701164271E-5	2.3827877681888154E-4	0.6501066787612483	2.4365541019662448E-4	2.1284265596701392E-5	0.028647488077392678	5.064942187775122E-5	0.01786870269863582	0.013955959629931179	2.2537796971493936E-4	2.3502296441732463E-4	0.0025137142861351197	4.5104418789694404E-5	7.138762823103551E-5	0.28502632459845945
75	file:/Users/mlafleur/Projects/SDG_LLM/LLMs/chatgpt-api/results/separates/SDG_14/d_14_19.txt	0.0016580523119829572	5.9164426539555085E-5	7.07933146920875E-5	2.1543748155152388E-4	2.3386356878547806E-4	0.6995090233437878	8.076801149092747E-5	6.543801323238504E-4	4.0146319403467517E-4	4.971090885805466E-5	0.0015419740144065625	0.008787811940655805	2.212018083474754E-4	0.0019727662877168824	0.0023087636272467464	3.6101378012436293E-4	0.006404967399165901	0.27546884444828945
76	file:/Users/mlafleur/Projects/SDG_LLM/LLMs/chatgpt-api/results/separates/SDG_14/d_14_31.txt	0.042540884070200936	6.370449654050444E-5	7.622574466901686E-5	6.144387876741253E-5	8.128391912791019E-5	0.6820777447485824	2.574913820042904E-4	2.2492892560925937E-5	2.6174455014136514E-4	5.352554916181039E-5	1.2557002039657156E-4	0.0055400708208035825	2.3817605711438784E-4	7.784322542795455E-5	2.690983016447372E-4	2.1819119047528004E-4	0.002462798617922615	0.26557171053445855
77	file:/Users/mlafleur/Projects/SDG_LLM/LLMs/chatgpt-api/results/separates/SDG_14/d_14_256.txt	0.043663794926802654	7.75020878492349E-5	5.076536724099783E-4	7.475184874904337E-5	9.888899187792743E-5	0.5298211931467518	3.132607710953176E-4	2.7364569691432965E-5	1.1097592593903243E-4	6.511850871750601E-5	9.826036883976345E-4	0.04200804366583856	8.230279427258114E-5	3.0216228319767654E-4	0.007173535068789253	5.798945731787221E-5	5.066994175530938E-4	0.3741261591747491
78	file:/Users/mlafleur/Projects/SDG_LLM/LLMs/chatgpt-api/results/separates/SDG_14/d_14_530.txt	4.210812756480395E-4	9.163320834747736E-4	7.622574466901686E-5	0.0014256480178622434	8.128391912791019E-5	0.6495073709276933	8.696586461743646E-5	2.2492892560925937E-5	4.3227006752821897E-4	5.352554916181039E-5	0.0013192486421045482	0.05891455776288882	0.001261329161435511	7.784322542795455E-5	0.0014627769233527142	5.592422252489877E-4	0.001439645513601493	0.2819421602035965
79	file:/Users/mlafleur/Projects/SDG_LLM/LLMs/chatgpt-api/results/separates/SDG_14/d_14_524.txt	9.123149540225257E-5	2.670134964636485E-4	2.8128725321593164E-4	2.6443647635576283E-4	9.266064194208162E-5	0.7421637590643313	6.823160738711314E-4	0.015771453151032126	2.983790434953628E-4	0.003171301003303466	9.207161162485722E-4	0.02944821078340889	7.711909693991595E-5	8.873837920691174E-5	0.002056296723218368	5.4337092925166536E-5	8.600035856760232E-5	0.2041847437500714
80	file:/Users/mlafleur/Projects/SDG_LLM/LLMs/chatgpt-api/results/separates/SDG_14/d_14_25.txt	4.7917863948031514E-4	2.6654716295905994E-4	2.8079599089276993E-4	6.992140457171915E-5	2.865520510541637E-4	0.693324541979676	9.896470609974154E-5	2.5596278625151387E-5	4.919111697081712E-4	2.549638073497233E-4	7.250548657562814E-4	0.03463621755001002	7.698441004497244E-5	2.826366384690853E-4	0.0018586522048718128	5.424219432525101E-5	8.585016073439217E-5	0.2667013887853713
81	file:/Users/mlafleur/Projects/SDG_LLM/LLMs/chatgpt-api/results/separates/SDG_14/d_14_242.txt	0.0072413991494810065	7.417808008185393E-5	8.875793231898776E-5	7.154579672175776E-5	9.464771546547593E-5	0.628220018367741	1.0126382312555025E-4	2.61909233455138E-5	7.019005187865846E-4	6.232562358648445E-5	0.002528951920106339	4.940648489867602E-4	4.7589573372826185E-4	0.001083448456253763	1.1477902317183413E-4	5.550233197841315E-5	8.784460475379769E-5	0.3584772851503667
82	file:/Users/mlafleur/Projects/SDG_LLM/LLMs/chatgpt-api/results/separates/SDG_14/d_14_295.txt	0.0028206661203640966	7.823243960493838E-5	5.12437617736138E-4	7.545628324224244E-5	9.982088611254841E-5	0.514082029754187	7.350412610482863E-4	2.7622443538097415E-5	5.30850156384522E-4	6.573216208466614E-5	1.542065249761391E-4	0.07988905711613993	2.9249260280546217E-4	3.050097517003329E-4	1.2105251292963786E-4	2.6795014572219053E-4	9.264593702664893E-5	0.3998496962843968
83	file:/Users/mlafleur/Projects/SDG_LLM/LLMs/chatgpt-api/results/separates/SDG_14/d_14_281.txt	0.025032723322842534	5.720744708513083E-5	2.215857676274902E-4	5.5177383609915464E-5	7.299399186720508E-5	0.5941383890393968	7.809645109040921E-5	2.019890323052091E-5	8.191585010239527E-5	4.8066623043318845E-5	0.0022566406027859217	0.025188752617617462	6.0751043990791975E-5	2.2303828589469475E-4	2.416536930364378E-4	4.280437989568789E-5	0.0012928199579811197	0.35088718463890234
