#doc name topic proportion ...
0	file:/Users/mlafleur/Projects/SDG_LLM/LLMs/chatgpt-api/results/separates/SDG_13/d_13_3.txt	0.280165506860247	6.1441394224074E-5	7.35178249977201E-5	2.2372868307612582E-4	7.839630780286097E-5	0.6520905661076272	5.772791967001042E-4	0.01581058325742429	2.5244607468192343E-4	5.162405396328408E-5	0.0019302527252068543	2.4476425475621094E-4	6.524725422212528E-5	4.040130411028022E-4	0.03940282695004901	4.5972349994474015E-5	0.008296141228387744	2.256924355364857E-4
1	file:/Users/mlafleur/Projects/SDG_LLM/LLMs/chatgpt-api/results/separates/SDG_13/d_13_16.txt	0.21872593863150577	6.31232339456083E-5	7.553023373100902E-5	6.0883242857039674E-5	2.495118372174389E-4	0.7088032920415704	8.617235698642053E-5	2.2287659370073056E-5	9.038671769729878E-5	0.00393933754016079	0.005531450886462934	8.24946227599611E-5	0.007501694863265918	7.713295601740251E-5	0.025950019358670365	2.1620033607023024E-4	0.027616794824360337	9.077486573509667E-4
2	file:/Users/mlafleur/Projects/SDG_LLM/LLMs/chatgpt-api/results/separates/SDG_13/d_13_204.txt	0.1501192095386735	0.0010737382575830398	6.007536839463484E-4	8.846079711114749E-5	1.1702451769998799E-4	0.7175781753170578	0.0011072276661825595	3.2383033838192344E-5	3.768338198936089E-4	3.2256648405160933E-4	0.006809437470065909	0.004784469750477289	9.739653142585967E-5	1.120709484686978E-4	0.10595487711829288	0.0010506471517518715	0.009437830052375997	3.368978611034666E-4
3	file:/Users/mlafleur/Projects/SDG_LLM/LLMs/chatgpt-api/results/separates/SDG_13/d_13_210.txt	0.35500238735509876	9.44277693056475E-5	1.129877390708301E-4	9.107690547094088E-5	1.2048535944066396E-4	0.5942173060343663	1.2890758184298863E-4	7.916393513492562E-4	1.3521195910795104E-4	7.933974024888359E-5	4.388958810225852E-4	0.020091936630673816	1.0027690203520342E-4	1.1538529510306684E-4	0.01960911051248051	7.06537752689173E-5	0.007947577626621637	8.523935814918136E-4
4	file:/Users/mlafleur/Projects/SDG_LLM/LLMs/chatgpt-api/results/separates/SDG_13/d_13_238.txt	0.28308720087041905	0.0012421324185680517	7.530120868392775E-5	6.069863085634796E-5	8.029803294773393E-5	0.6957043176217023	0.0012651116513645358	2.2220078058796552E-5	9.011264437257072E-5	5.2876342039772726E-5	0.0013032475804133613	0.0024406456576659494	6.683001172009519E-5	7.689907114758579E-5	0.0032980645152438305	4.708753993649577E-5	0.01085578887817855	2.3116724668124848E-4
5	file:/Users/mlafleur/Projects/SDG_LLM/LLMs/chatgpt-api/results/separates/SDG_13/d_13_416.txt	0.25606628296352824	0.02643203263325129	7.059207742287308E-5	0.041906331703202016	0.012077376805983187	0.5931339081526396	8.05384201214174E-5	2.083049526140797E-5	0.02866842686428384	2.0749197407197447E-4	1.162894326623685E-4	3.929458828113361E-4	0.02564607516568299	7.209001394629739E-5	0.01493599061577974	4.414281421168226E-5	6.986567823228999E-5	5.8788306907695506E-5
6	file:/Users/mlafleur/Projects/SDG_LLM/LLMs/chatgpt-api/results/separates/SDG_13/d_13_370.txt	0.21152391063792303	3.5420053870292026E-4	5.143842988676162E-4	5.3769382443644604E-5	7.113135143455287E-5	0.6600072915644208	2.2533005520924582E-4	1.6890992091226332E-4	7.982554416662207E-5	3.452929676729316E-4	5.575653493843472E-4	7.285559560518149E-5	3.5765371108589577E-4	6.650261998669667E-4	0.025753209796183573	0.09882962048058061	3.6447145083796917E-4	5.555115470184304E-5
7	file:/Users/mlafleur/Projects/SDG_LLM/LLMs/chatgpt-api/results/separates/SDG_13/d_13_364.txt	0.25602491009973155	5.976068709323492E-5	7.150677146812697E-5	5.7640019342737044E-5	7.62518051394742E-5	0.5757043397617582	8.158199350795932E-5	2.1100405578130364E-5	8.557185708113799E-5	5.301178360523369E-4	4.377335413272752E-4	0.037350794799281564	0.04693427585639662	7.302411744468208E-5	0.08231635464176688	4.4714792977207185E-5	7.077095998882311E-5	5.955005406434745E-5
8	file:/Users/mlafleur/Projects/SDG_LLM/LLMs/chatgpt-api/results/separates/SDG_13/d_13_402.txt	0.18884998686544946	6.677913406501688E-5	6.16172021055838E-4	7.794324931905791E-4	4.427185526693049E-4	0.7414534387629306	0.004560057461952348	0.031484594164231286	9.562163345442301E-5	5.610890937828113E-5	1.3163053916104547E-4	8.022955365687237E-4	0.0022159848797686592	2.6035602625701956E-4	0.016906372768775362	4.996621190542535E-5	0.010983184504557377	2.4529953462946996E-4
9	file:/Users/mlafleur/Projects/SDG_LLM/LLMs/chatgpt-api/results/separates/SDG_13/d_13_358.txt	0.22602506917918214	2.451405223891222E-4	7.977636407201741E-5	6.430595416063417E-5	8.50701499041481E-5	0.6606654850416092	9.101676221968578E-5	2.354061864222839E-5	0.016871521159446224	5.601878624641223E-5	3.0988776200059387E-4	8.713227451036609E-5	0.03273056470288624	8.14691875985673E-5	0.05649925778684946	4.988595528389342E-5	0.005611483612700011	4.2337418029934036E-4
10	file:/Users/mlafleur/Projects/SDG_LLM/LLMs/chatgpt-api/results/separates/SDG_13/d_13_199.txt	0.18409732801984702	7.391390398267387E-5	0.002462693083171232	0.0012584166208256956	9.431063928016103E-5	0.6708956096244483	8.923202682540824E-4	2.6097647596725114E-5	1.0583797368404632E-4	2.5995792949347286E-4	0.02467962371468229	4.92305297857865E-4	7.84923477829814E-5	4.86027075149281E-4	0.11249559614668178	5.5304667256688424E-5	0.0014725116536013587	7.365338640447938E-5
11	file:/Users/mlafleur/Projects/SDG_LLM/LLMs/chatgpt-api/results/separates/SDG_13/d_13_172.txt	0.23890048350320953	6.0900521449587993E-5	2.3589042129846909E-4	5.8739405536962126E-5	7.770617977034674E-5	0.6929738251920489	8.313803249584895E-5	0.007031353345078814	8.720399599021452E-5	5.116960390319095E-5	0.001098161685526033	0.00806755895678818	3.9071243563737533E-4	7.441692937430317E-5	0.03628462494482528	4.556765226902088E-5	0.014417861323847337	6.068587095077864E-5
12	file:/Users/mlafleur/Projects/SDG_LLM/LLMs/chatgpt-api/results/separates/SDG_13/d_13_166.txt	0.27203939299693447	6.809372588288176E-5	9.92851173502027E-4	6.56773519167361E-5	8.688436779753909E-5	0.64650235129615	9.295779839751689E-5	0.018980611190250393	0.0015557015892039988	2.394881482130811E-4	4.987711691865204E-4	0.012848219295293659	6.191357433284002E-4	8.320661086710372E-5	0.03564893044743468	5.0949830130792316E-5	0.00901209945082492	6.146778146856E-4
13	file:/Users/mlafleur/Projects/SDG_LLM/LLMs/chatgpt-api/results/separates/SDG_13/d_13_167.txt	0.23426702214798198	6.399916077057807E-5	5.905211678769411E-4	6.17280865425768E-5	2.529741774320509E-4	0.672726743029047	8.73681239701007E-5	2.2596933111099346E-5	0.002661355175701057	5.377313081757318E-5	0.030448778528101864	0.003167296408574952	0.025422477001166642	2.495175688530042E-4	0.027509313644593938	4.788614997191609E-5	2.471046082049116E-4	0.0021195449572819123
14	file:/Users/mlafleur/Projects/SDG_LLM/LLMs/chatgpt-api/results/separates/SDG_13/d_13_173.txt	0.3351853921265436	2.169186191583581E-4	7.059207742287308E-5	5.6902704800650335E-5	7.527641398883294E-5	0.6586716931878718	8.701502880157829E-4	2.083049526140797E-5	8.447724650781175E-5	4.9569600493101376E-5	9.059013005567337E-4	0.0010246353771268285	6.265064590554722E-5	5.458571346829165E-4	8.808993672600364E-4	4.414281421168226E-5	0.001175322293284402	5.8788306907695506E-5
15	file:/Users/mlafleur/Projects/SDG_LLM/LLMs/chatgpt-api/results/separates/SDG_13/d_13_198.txt	0.28151955081822533	2.633278863159101E-4	8.569509897554591E-5	6.907691483078525E-5	2.830911613760881E-4	0.6331892052333105	2.8947896228525443E-4	2.528713445338558E-5	2.942604920170906E-4	6.017490879306814E-5	0.029856145246046878	9.359675606912421E-5	4.594736598563043E-4	8.751351576281471E-5	0.03615220843626648	5.35870733803273E-5	0.016955251242418052	2.6307545961718723E-4
16	file:/Users/mlafleur/Projects/SDG_LLM/LLMs/chatgpt-api/results/separates/SDG_13/d_13_359.txt	0.2518351058080107	5.522842618570356E-5	3.617568784615989E-4	0.009662647362220484	2.183054514617647E-4	0.6581474392690685	7.539480092502032E-5	1.9500147147607016E-5	3.747552655343894E-4	4.6403817649712236E-5	0.001882901718306315	0.001550543004957022	5.8649436737790606E-5	6.748595567145545E-5	0.038522972473715944	4.132361529742619E-5	0.007309396906172639	0.029770189662476076
17	file:/Users/mlafleur/Projects/SDG_LLM/LLMs/chatgpt-api/results/separates/SDG_13/d_13_365.txt	0.1821165102544323	2.4088447991949327E-4	7.839131524266013E-5	0.189112201494445	2.589633332493892E-4	0.6199084325674535	8.943656159973193E-5	2.313191480278879E-5	6.19920985083774E-4	5.504620802458995E-5	3.045076010095063E-4	0.006574314731961186	6.957248904742799E-5	8.005474856985673E-5	1.0137323339587293E-4	4.901985308970277E-5	2.5295480215254903E-4	6.528342652075259E-5
18	file:/Users/mlafleur/Projects/SDG_LLM/LLMs/chatgpt-api/results/separates/SDG_13/d_13_403.txt	0.30376851147920625	2.549693958745875E-4	0.00231046688161884	6.688429201211233E-5	8.848102515499787E-5	0.6632092334096046	9.466606602386853E-5	2.4484476312714925E-5	0.0021411633927999646	0.0011720107992425975	0.006076666730935583	4.618744796576051E-4	0.004714248624518975	0.013820935707302286	0.0012210466427952018	4.231347746950314E-4	8.212116525714534E-5	6.910065698787395E-5
19	file:/Users/mlafleur/Projects/SDG_LLM/LLMs/chatgpt-api/results/separates/SDG_13/d_13_417.txt	0.1564138727266903	6.34125332543701E-5	7.587639540624616E-5	6.116227609049054E-5	2.506553718167132E-4	0.750583683967466	4.2605526046055747E-4	2.2389805664656705E-5	9.080096793950925E-5	2.2302422089091916E-4	0.03797790295579326	9.315926228802485E-4	2.3708447538797983E-4	7.748646310922573E-5	0.05203978012302039	4.744721713466392E-5	7.509562008103097E-5	4.026769969133759E-4
20	file:/Users/mlafleur/Projects/SDG_LLM/LLMs/chatgpt-api/results/separates/SDG_13/d_13_371.txt	0.26875415211644904	5.075166715352025E-4	6.724684622770184E-5	5.4206188277295016E-5	7.170920053472832E-5	0.6452101985750542	2.2716056688966787E-4	1.9843375670892136E-5	3.8135145659946434E-4	1.9765930375324653E-4	1.1077868624417523E-4	2.2388616913162756E-4	5.968174482298812E-5	6.867379824168145E-5	0.07229754580540684	4.205096588344875E-5	0.01165033609417561	5.6002435102268203E-5
21	file:/Users/mlafleur/Projects/SDG_LLM/LLMs/chatgpt-api/results/separates/SDG_13/d_13_239.txt	0.21240855394885072	6.957754634997381E-5	8.325315434205915E-5	6.710851753052665E-5	8.877765240690355E-5	0.7112492702530161	9.498342824886752E-5	3.9705979684329334E-4	9.96287047876029E-5	5.8460180677289664E-5	0.007959504575396369	0.0028846289315311983	0.022795974890097118	6.437596107314197E-4	0.037543230814203764	5.206007046149418E-5	0.002131109279442018	0.0013730586450834829
22	file:/Users/mlafleur/Projects/SDG_LLM/LLMs/chatgpt-api/results/separates/SDG_13/d_13_211.txt	0.32316554253742885	8.03526397280879E-5	9.61461141993389E-5	7.750124594352714E-5	7.477949979273119E-4	0.593616648271071	3.247826036600581E-4	2.8371047422712414E-5	1.1505765641845311E-4	6.751358854727637E-5	0.020376809277649642	9.653698735086067E-4	0.013205796268339946	9.818629747913921E-5	0.044217703715010825	4.903015529410086E-4	0.0013856944353745693	9.404278773499103E-4
23	file:/Users/mlafleur/Projects/SDG_LLM/LLMs/chatgpt-api/results/separates/SDG_13/d_13_205.txt	0.2320246680891349	7.137207539302722E-5	2.764506531745171E-4	6.883936591570882E-5	9.106738643714575E-5	0.6896641552084668	2.8848347177157463E-4	0.012252416268026492	6.753490612046182E-4	5.9967973026848226E-5	9.048848421504161E-4	0.022828254809824998	0.0012220945796585854	0.008302373378034408	0.030869527653544705	5.340279255112697E-5	8.452162345588211E-5	2.621707682283436E-4
24	file:/Users/mlafleur/Projects/SDG_LLM/LLMs/chatgpt-api/results/separates/SDG_13/d_13_17.txt	0.21947073633661804	4.967637285379489E-5	5.944036479165408E-5	1.8088830207930784E-4	1.9635944298622583E-4	0.6903859077095883	6.781544397798662E-5	1.7539818664236136E-5	7.113203821639917E-5	4.173889257056777E-5	2.3089347116843071E-4	7.297948860741134E-4	5.275347295349381E-5	5.926006462931647E-4	0.07507462262793196	3.7169397409211634E-5	0.012691429492737948	4.950128308513119E-5
25	file:/Users/mlafleur/Projects/SDG_LLM/LLMs/chatgpt-api/results/separates/SDG_13/d_13_2.txt	0.26809103334205436	7.313254630458895E-5	8.75068967551487E-5	7.053736475625814E-5	9.3313663905353E-5	0.6569517518070177	9.983651808643464E-5	6.131099140093919E-4	3.0048185721107357E-4	6.144714918303714E-5	1.4415395819479667E-4	9.557561363334096E-5	0.008886984833284966	8.936375918909918E-5	0.06256146778790207	5.4720031294216795E-5	0.0016527081745118708	7.287478270634992E-5
26	file:/Users/mlafleur/Projects/SDG_LLM/LLMs/chatgpt-api/results/separates/SDG_13/d_13_29.txt	0.17138335809392952	6.624624859940872E-5	7.926708325538804E-5	6.38954342124012E-5	2.618564063280484E-4	0.7688746882447483	2.677650563271599E-4	2.339033872378974E-5	9.485859003705911E-5	5.5661170384395694E-5	6.625681471800673E-4	0.0027465160147219607	7.034973535698402E-5	6.129370960605636E-4	0.049045401383460675	4.956749053132105E-5	0.0055756607096381664	6.601275650496282E-5
27	file:/Users/mlafleur/Projects/SDG_LLM/LLMs/chatgpt-api/results/separates/SDG_13/d_13_15.txt	0.1570280264802638	3.6958803298978285E-4	6.960281171187582E-5	0.002236035137042596	7.422150275906571E-5	0.770582993252184	0.0011693746966802748	0.023376929908854975	8.32933963311266E-5	2.0458421582557915E-4	2.703690472891275E-4	7.602065307586188E-5	0.01407560746733163	7.107975640032413E-5	0.003671321548499821	4.352420410583502E-5	0.026539463431367497	5.796445728668234E-5
28	file:/Users/mlafleur/Projects/SDG_LLM/LLMs/chatgpt-api/results/separates/SDG_13/d_13_213.txt	0.29181921248616133	6.028141646964879E-5	8.789425796026407E-4	5.81422701164271E-5	7.691623115048647E-5	0.6175114445362324	8.229286452822926E-5	2.1284265596701392E-5	8.631749408673196E-5	5.064942187775122E-5	0.04255717218590028	7.878070244919326E-5	5.481030610517295E-4	7.366041874892942E-5	0.042854350703233915	4.5104418789694404E-5	0.003137275995930544	6.0068948073547195E-5
29	file:/Users/mlafleur/Projects/SDG_LLM/LLMs/chatgpt-api/results/separates/SDG_13/d_13_207.txt	0.27892271722844203	5.689380140605231E-5	6.807639357874997E-5	5.487486796144832E-5	7.259379484191618E-5	0.6632208555837191	3.822572941442352E-4	0.007787108038935175	2.3376124549372995E-4	4.7803092866854265E-5	0.013209472873911573	0.016826749304905356	0.0014310685369305729	6.952094826600977E-5	0.005266047546705886	4.256970050543404E-5	0.012250936474358962	5.6693273026979586E-5
30	file:/Users/mlafleur/Projects/SDG_LLM/LLMs/chatgpt-api/results/separates/SDG_13/d_13_398.txt	0.23638956052205912	0.0011829474334154935	0.0037616169743644894	6.995288535532061E-4	7.647200134534655E-5	0.7137328370315946	0.012274542881818526	2.1161338289718943E-5	8.581896727379837E-5	5.035689606785836E-5	7.598587987816107E-4	7.832570438734959E-5	6.364570287164014E-5	7.32349928930611E-5	0.029291105866069426	2.0527451420386945E-4	0.001193989501234662	5.972201977637851E-5
31	file:/Users/mlafleur/Projects/SDG_LLM/LLMs/chatgpt-api/results/separates/SDG_13/d_13_401.txt	0.3547817540427316	6.036908825749698E-5	7.223475511640658E-5	5.822683078319952E-5	7.702809619770052E-5	0.598371481583064	8.903986858576933E-4	2.131522090145668E-5	8.644303209616093E-5	5.0723085133022196E-5	0.0010885788518149252	7.252841884496055E-4	6.410852648183357E-5	3.9696200328016596E-4	0.042593482546850914	4.5170017530844373E-5	5.56283134600625E-4	6.0156310852662036E-5
32	file:/Users/mlafleur/Projects/SDG_LLM/LLMs/chatgpt-api/results/separates/SDG_13/d_13_367.txt	0.2734987652706176	3.565951428926067E-4	6.715592057281168E-5	5.4132895127583224E-5	7.161224125134138E-5	0.6683754474227726	3.7708872539248797E-4	1.9816545090287687E-5	2.3060051818430538E-4	4.715673875978189E-5	2.6086420675441527E-4	0.026815232670672172	5.960104807604117E-5	2.1881624951864827E-4	0.02908225809063527	3.424647207038035E-4	6.646487976302321E-5	5.592671321532832E-5
33	file:/Users/mlafleur/Projects/SDG_LLM/LLMs/chatgpt-api/results/separates/SDG_13/d_13_373.txt	0.2534000179146344	2.375106456113063E-4	7.729336443687148E-5	0.001791443485643909	2.553362860499546E-4	0.7225825319299051	9.527534219393884E-4	1.9572183083156256E-4	7.841522578295185E-4	0.0045500366874001025	0.005314745824301141	0.0011219037392079046	6.859805495133088E-5	0.0023268142286738784	0.005287370464168988	2.212471819796546E-4	4.2232581282716146E-4	4.1019686960786194E-4
34	file:/Users/mlafleur/Projects/SDG_LLM/LLMs/chatgpt-api/results/separates/SDG_13/d_13_415.txt	0.3094028097046265	6.283656231918098E-5	7.518721621440395E-5	0.0237771187861921	5.847831153804153E-4	0.642172056092731	4.221854348249005E-4	2.2186440862060902E-5	8.997623005669344E-5	5.279629678002399E-5	1.2385920681522297E-4	0.013874701448061747	6.672884311726101E-5	7.678265980203896E-5	9.382408565844465E-4	4.701625788066992E-5	0.008148119759717421	6.261508803416288E-5
35	file:/Users/mlafleur/Projects/SDG_LLM/LLMs/chatgpt-api/results/separates/SDG_13/d_13_429.txt	0.2704816920887618	7.471213822720345E-5	8.939696067705567E-5	2.720519042001871E-4	9.532914835410398E-5	0.6749411001717462	5.019748916869309E-4	4.263614913496101E-4	3.0697197328833964E-4	6.277434788487044E-5	1.4726754358848786E-4	8.97603957679826E-4	7.93400269956582E-5	9.129392953489381E-5	0.05091331962876105	4.5588393262874124E-4	8.847705744928409E-5	7.444880718576306E-5
36	file:/Users/mlafleur/Projects/SDG_LLM/LLMs/chatgpt-api/results/separates/SDG_13/d_13_165.txt	0.23437381612228755	8.358887759768902E-5	3.2377088213779854E-4	8.062264267563771E-5	1.0665544719160157E-4	0.6772667213300392	1.1411092477690473E-4	7.007710266590964E-4	0.0019097111816463873	2.939851689348218E-4	1.6476477540631104E-4	0.0010042505693188839	0.0012075288223407235	1.02140793750241E-4	0.07016385478217008	6.254378151888567E-5	0.011957868612023402	8.329425952473687E-5
37	file:/Users/mlafleur/Projects/SDG_LLM/LLMs/chatgpt-api/results/separates/SDG_13/d_13_171.txt	0.3070224630184265	0.005415658281129973	9.540735349506146E-5	0.005839702640629099	1.0173837775379173E-4	0.6336637753948298	3.2228706208757704E-4	0.0028028330376266286	7.544843504642202E-4	6.699483241616456E-5	0.01979336554943691	0.018673216756591518	5.115481096543162E-4	9.743186055903971E-5	0.002684620913423913	2.730972866132554E-4	0.0018019209785376633	7.945419632460493E-5
38	file:/Users/mlafleur/Projects/SDG_LLM/LLMs/chatgpt-api/results/separates/SDG_13/d_13_159.txt	0.2815438447218546	8.783393813782404E-5	1.0509787700011203E-4	8.471706299685541E-5	1.1207194330060114E-4	0.6383056062479812	3.550217542902595E-4	3.101255705679967E-5	0.0010662330219825872	7.379949656901073E-5	0.015690769017270824	0.006227796981817577	9.327462964314599E-5	1.0732801321709512E-4	0.05350717483184036	6.572006700790136E-5	0.002455173480144822	8.752435788818233E-5
39	file:/Users/mlafleur/Projects/SDG_LLM/LLMs/chatgpt-api/results/separates/SDG_13/d_13_158.txt	0.19000719664791155	0.005977609253172263	8.797188034048141E-5	0.037857076043103205	9.380950278905435E-5	0.6285605069660298	0.03316326039956119	2.5958973067079415E-5	1.0527558463480762E-4	6.521824700243691E-4	3.417228828965661E-4	0.009739427374944598	2.7487820141888607E-4	8.98386095458982E-5	0.09103671932612249	5.501079599144858E-5	8.742783885210023E-4	0.0010572766999253549
40	file:/Users/mlafleur/Projects/SDG_LLM/LLMs/chatgpt-api/results/separates/SDG_13/d_13_170.txt	0.23829577414311612	0.0020006675295617562	9.540735349506146E-5	7.690574735772978E-5	5.286122216998188E-4	0.6883036274199213	1.0885014011456337E-4	2.815305197745046E-5	1.141735845451793E-4	6.699483241616456E-5	1.5716872791965468E-4	1.0420454493933426E-4	2.981111876813028E-4	9.743186055903971E-5	0.04195701455645842	0.0015537188184513372	0.02613373008346121	7.945419632460493E-5
41	file:/Users/mlafleur/Projects/SDG_LLM/LLMs/chatgpt-api/results/separates/SDG_13/d_13_164.txt	0.33853390150430734	0.0012295882972278192	1.0228418854121596E-4	0.004658872435451632	1.0907154460148546E-4	0.6051993574031908	3.4551708453653586E-4	3.0182286490330665E-5	0.003097078290270566	7.182373076197789E-5	0.0010837819254639258	1.1171546983512324E-4	9.077747407325331E-5	0.0010197393042178492	0.039947154551396684	6.396060431144926E-5	0.0042200127562851296	8.518114903666571E-5
42	file:/Users/mlafleur/Projects/SDG_LLM/LLMs/chatgpt-api/results/separates/SDG_13/d_13_428.txt	0.29541097979018527	8.159317026656124E-4	0.0012027489390933313	8.13458528262831E-4	8.892671310371821E-5	0.6549832072998859	9.514290865431605E-5	2.460780711730483E-5	9.97959847702985E-5	5.855833730828197E-5	3.2393618839075784E-4	0.022478202319388536	0.0038051981091292587	8.51625050682734E-5	0.019136893177273673	5.214748108983163E-5	4.556534845677048E-4	6.944872404534987E-5
43	file:/Users/mlafleur/Projects/SDG_LLM/LLMs/chatgpt-api/results/separates/SDG_13/d_13_372.txt	0.2523128165295594	0.007942415708549656	0.0010756096928857687	4.58818803439669E-5	6.0696999052302966E-5	0.6979116685059118	4.4694853414693254E-4	0.00498290873454071	5.774607169184697E-4	0.005260754139942508	2.2110290410518222E-4	0.014960506279973893	1.77852791401508E-4	0.0010768175114696374	3.282795270383063E-4	3.5593304866647026E-5	0.011389257959658793	0.0011934282796345562
44	file:/Users/mlafleur/Projects/SDG_LLM/LLMs/chatgpt-api/results/separates/SDG_13/d_13_414.txt	0.2726626724017874	5.312532244529178E-4	0.004637159309523374	2.1421614697651327E-4	7.506303958799687E-5	0.6175934493450406	8.031013032615377E-5	2.077145028025118E-5	5.566619983313933E-4	4.942909321805414E-5	0.018540503854621262	0.009682841452471926	0.04856469158359233	7.188567154052954E-5	0.025129511680041468	4.4017689407848845E-5	0.001486940260007999	5.862166879227655E-5
45	file:/Users/mlafleur/Projects/SDG_LLM/LLMs/chatgpt-api/results/separates/SDG_13/d_13_400.txt	0.23766180933417935	8.443908288852624E-5	0.0010051489084539464	0.0014376124061733807	1.0774026885813173E-4	0.6882238952081942	1.1527157814103526E-4	2.9813895760829773E-5	1.2090907056885714E-4	0.03600944489192419	0.03181040097672462	0.0012404933640827824	8.966948711186762E-5	3.292079837429416E-4	1.306563265155399E-4	9.672930837875915E-4	5.520526647174194E-4	8.414146817473384E-5
46	file:/Users/mlafleur/Projects/SDG_LLM/LLMs/chatgpt-api/results/separates/SDG_13/d_13_366.txt	0.2474337871086141	6.57218004655412E-5	7.863955377606925E-5	6.3389596645085E-5	8.385790335200409E-5	0.6121955696330696	8.971977665762382E-5	2.3205165679978616E-5	0.0030848407603393524	0.0014626243475047962	1.2954639425978681E-4	0.05479871441472269	0.045458566219912545	8.030825462873456E-5	0.021740528086891406	2.2510056059602744E-4	7.783034528842892E-5	0.012908050077596187
47	file:/Users/mlafleur/Projects/SDG_LLM/LLMs/chatgpt-api/results/separates/SDG_13/d_13_399.txt	0.19053938235578696	4.4967693000411005E-4	7.260519280489925E-4	4.8028515512653597E-5	6.353677614562669E-5	0.724699320967794	0.007132549008893699	0.03254126659784482	7.130270447742105E-5	3.084266156798639E-4	9.81536614146753E-5	0.0013980148230344272	1.861738334775828E-4	6.0847307087721905E-5	0.036199667892002164	3.725857750638484E-5	0.005257427664620503	1.8291384066839516E-4
48	file:/Users/mlafleur/Projects/SDG_LLM/LLMs/chatgpt-api/results/separates/SDG_13/d_13_206.txt	0.2398495479870212	2.3899838678399096E-4	7.777752176949161E-5	2.3669174814342913E-4	8.293866877827078E-5	0.6642957883968457	2.6273330167196743E-4	0.0014149269257468327	2.670730543212466E-4	2.2861221994791044E-4	1.2812633103681054E-4	8.494912567634069E-5	0.01729473236359731	7.942793063707653E-5	0.07387531442334022	4.8636034221643185E-5	0.0014689533144043364	6.477226605635068E-5
49	file:/Users/mlafleur/Projects/SDG_LLM/LLMs/chatgpt-api/results/separates/SDG_13/d_13_212.txt	0.25304164886590136	3.2993112422621037E-4	0.002749552318692474	0.0015277388920522125	3.546931031044131E-4	0.6605113493554353	1.224981589739123E-4	3.168298206235502E-5	1.2848907585710635E-4	3.1559328811467987E-4	0.028039890040209434	1.1727008250377904E-4	9.529102719405249E-5	1.0964821479626605E-4	0.04409515545108458	6.714079398014596E-5	0.008032812374296318	3.296148515151826E-4
50	file:/Users/mlafleur/Projects/SDG_LLM/LLMs/chatgpt-api/results/separates/SDG_13/d_13_14.txt	0.23338444496948582	4.2417163289329504E-5	2.778406274541986E-4	4.091194782694794E-5	2.8120857514423933E-4	0.7154191431612111	5.790557151221017E-5	0.011937006666282026	6.073751175449071E-5	3.563958719152554E-5	3.1069614495442076E-4	0.002099210791682654	0.001180476029700279	6.195470418454543E-4	0.0029042125098344734	3.1737832468420035E-5	0.030593337355156156	7.235265132066537E-4
51	file:/Users/mlafleur/Projects/SDG_LLM/LLMs/chatgpt-api/results/separates/SDG_13/d_13_28.txt	0.23826168069061765	2.1121482081990354E-4	6.87358837246332E-5	2.0917632895509078E-4	7.329704731804995E-5	0.7079345037318445	2.3219055150452343E-4	2.0282764758963333E-5	8.511052504179209E-4	3.558059066739262E-4	1.1323164317720118E-4	0.0057645586323739895	6.100326933913874E-5	2.2396429318047865E-4	0.03807004270576265	4.2982094531037914E-5	0.006833902453248491	6.723219317517823E-4
52	file:/Users/mlafleur/Projects/SDG_LLM/LLMs/chatgpt-api/results/separates/SDG_13/d_13_1.txt	0.2367784041400302	7.417808008185393E-5	0.002670056431347656	2.7010721972396294E-4	9.464771546547593E-5	0.7419957137480045	1.0126382312555025E-4	0.0014161208843609502	1.0621624977996906E-4	0.0014522555846019206	0.001536144805095313	0.003472486194019837	7.877288772385171E-5	6.863256102493524E-4	0.0072629902512512225	2.540637549806183E-4	2.8640602775600285E-4	0.0014638465924017563
53	file:/Users/mlafleur/Projects/SDG_LLM/LLMs/chatgpt-api/results/separates/SDG_13/d_13_10.txt	0.16294497895020438	2.138787574650301E-4	6.960281171187582E-5	5.61052796960586E-5	8.527678803828291E-4	0.6975553430310752	2.3511904353175887E-4	3.3195713119157547E-4	5.504212229053846E-4	4.887494030082647E-5	7.374968738633853E-4	0.02934936445172936	6.177267010388726E-5	3.8249830744982953E-4	0.1041038042619653	4.352420410583502E-5	0.0019373978984565784	5.250922838609404E-4
54	file:/Users/mlafleur/Projects/SDG_LLM/LLMs/chatgpt-api/results/separates/SDG_13/d_13_38.txt	0.20118413505558772	6.677913406501688E-5	7.990470844113063E-5	0.001673211347548425	8.002300944124432E-4	0.7257229309262325	9.116319016312111E-5	7.386015743213952E-4	4.5313317519756125E-4	5.610890937828113E-5	1.3163053916104547E-4	4.4478399482558544E-4	0.0016797175671539515	8.160025538545045E-5	0.049082411525657794	4.996621190542535E-5	0.017239636485062295	4.2405530550103913E-4
55	file:/Users/mlafleur/Projects/SDG_LLM/LLMs/chatgpt-api/results/separates/SDG_13/d_13_5.txt	0.34741650985726374	6.283656231918098E-5	2.4338942927917056E-4	2.288089571247543E-4	8.017647618611493E-5	0.6231652060164123	8.578100869536723E-5	2.2186440862060902E-5	0.0019402005737691277	5.279629678002399E-5	1.2385920681522297E-4	0.01791155456161615	5.71335482311561E-4	7.678265980203896E-5	0.007834531592239881	4.701625788066992E-5	7.441353260861957E-5	6.261508803416288E-5
56	file:/Users/mlafleur/Projects/SDG_LLM/LLMs/chatgpt-api/results/separates/SDG_13/d_13_216.txt	0.24514028708510396	7.236753557562844E-5	8.659152161427894E-5	6.979950119813187E-5	0.003191776265222721	0.6130800888781361	0.0010673667672510755	2.1926657311805166E-4	0.001653343074447398	6.080437478553049E-5	0.0011112206200939029	8.694355145168104E-4	7.68501927855282E-5	8.842896014251363E-5	0.13164440811496475	2.478625465467577E-4	0.0012479900061561524	7.211246834074817E-5
57	file:/Users/mlafleur/Projects/SDG_LLM/LLMs/chatgpt-api/results/separates/SDG_13/d_13_202.txt	0.282655785396806	6.390063694568164E-5	2.4751098695985536E-4	6.163305893414436E-5	8.153418499135677E-5	0.6022445871770717	8.72336246791113E-5	2.2562146150548175E-5	0.001459904288664217	5.369034950511512E-5	0.026638791903252447	0.022149031558518814	6.7858829644152E-5	2.4913344779631746E-4	0.06287442816430941	4.781243140126625E-5	9.309264021557116E-4	6.367541221413349E-5
58	file:/Users/mlafleur/Projects/SDG_LLM/LLMs/chatgpt-api/results/separates/SDG_13/d_13_389.txt	0.21425084316088258	5.874575929634915E-5	6.992998243594998E-4	5.666110727379265E-5	0.08939401709198999	0.6873254779892036	0.001652715137083105	2.0742053136275117E-5	8.411857298071783E-5	4.935913786345289E-5	1.1579569094254448E-4	7.677377962091831E-5	0.004308185044716995	0.0011725470010488714	9.089991086426251E-5	2.0120725933521632E-4	6.956904250763875E-5	3.730424368942819E-4
59	file:/Users/mlafleur/Projects/SDG_LLM/LLMs/chatgpt-api/results/separates/SDG_13/d_13_438.txt	0.19008074172275882	7.257574202354732E-4	7.417660600214128E-5	5.57616208548478E-4	7.909880408044919E-5	0.6881351696586718	0.03725549375878027	0.0010175364171937373	8.876683700379877E-5	5.2086648526211915E-5	2.881357491556346E-4	0.006718670780516492	6.58319240171513E-5	0.020486538496601984	0.05336310105784256	4.638430057796721E-5	9.031201465402269E-4	6.177346294687938E-5
60	file:/Users/mlafleur/Projects/SDG_LLM/LLMs/chatgpt-api/results/separates/SDG_13/d_13_362.txt	0.1428874335014829	7.471213822720345E-5	8.939696067705567E-5	7.206090327968716E-5	6.953021511156037E-4	0.7347384094469757	1.019928898459312E-4	0.021225425587081608	0.003506827988016338	6.277434788487044E-5	0.0023471685537139867	9.763995399782623E-5	2.793310279161582E-4	2.912849304553938E-4	0.09131150181470203	0.002055811939992741	8.847705744928409E-5	7.444880718576306E-5
61	file:/Users/mlafleur/Projects/SDG_LLM/LLMs/chatgpt-api/results/separates/SDG_13/d_13_404.txt	0.20102003209455016	6.734564184462967E-4	6.883114111943389E-5	5.5483253180787943E-5	2.2738158787706595E-4	0.738326338157863	0.0011564101045498693	0.0010981916081969603	3.90335865512848E-4	0.0028200263925551024	7.29320413235127E-4	7.517782933133112E-5	3.690537346979073E-4	2.2427467334787732E-4	0.048285677445246165	4.304166112313275E-5	0.0034557480281304535	9.812195910363288E-4
62	file:/Users/mlafleur/Projects/SDG_LLM/LLMs/chatgpt-api/results/separates/SDG_13/d_13_410.txt	0.20333268072996494	7.867729549847062E-5	3.047464937902258E-4	0.0011289104336301525	3.109935172845898E-4	0.7101300724080732	3.180109199572793E-4	2.7779514017603573E-5	1.1265871617944858E-4	4.873159694674518E-4	3.6568841113363373E-4	0.005367947350201046	8.355079772728505E-5	0.02726418620411693	0.04750786948740391	2.694738001307617E-4	0.002831037962593079	7.839998882979624E-5
63	file:/Users/mlafleur/Projects/SDG_LLM/LLMs/chatgpt-api/results/separates/SDG_13/d_13_376.txt	0.22947862958976672	7.0763701360754E-5	8.467245052835142E-5	6.825258064442943E-5	9.029112999805162E-5	0.7195861822865489	9.660270163904677E-5	0.023134438043608794	1.0132717065196291E-4	5.945680731733658E-5	0.00260196731239503	2.819015558824922E-4	0.0010222557285657866	8.646916711192032E-5	0.0014354480066668548	5.294758829848234E-5	0.02167787989200169	7.051428701366577E-5
64	file:/Users/mlafleur/Projects/SDG_LLM/LLMs/chatgpt-api/results/separates/SDG_13/d_13_148.txt	0.3007416911725782	7.692755203798693E-5	9.157328847720541E-4	2.80118967466161E-4	9.815591140553291E-5	0.6782752781531425	0.0011346235833264657	2.7161711604852087E-5	0.0015516021088763116	6.463577442903046E-5	3.575556848890186E-4	5.123777716898176E-4	2.8761393658012784E-4	2.99922304155522E-4	0.008561805331270331	5.755957186796324E-5	0.006680581167378104	7.665641253007967E-5
65	file:/Users/mlafleur/Projects/SDG_LLM/LLMs/chatgpt-api/results/separates/SDG_13/d_13_160.txt	0.2981257436916288	7.958235947997617E-5	9.522443380463049E-5	0.02713127749071913	1.0154331991095328E-4	0.6333009947477091	1.086414472496664E-4	2.8099075555678433E-5	1.1395468530968715E-4	4.929218069429662E-4	0.0014350336572571424	3.1703246900320197E-4	2.975396341881279E-4	3.102727695479142E-4	0.022064995450557307	5.954598084243997E-5	0.01585829511747803	7.930186281505118E-5
66	file:/Users/mlafleur/Projects/SDG_LLM/LLMs/chatgpt-api/results/separates/SDG_13/d_13_174.txt	0.16198342355708378	0.001113089098931946	1.1376414382365529E-4	9.170274808768641E-5	6.303195153559417E-4	0.7085003691666468	0.001147805842401357	3.3569821789504966E-5	0.0011541535407249782	5.88891160580981E-4	0.04803399435521183	0.04568031159490713	1.0096596320218467E-4	8.796875208139794E-4	0.029414974546794113	3.256423939453326E-4	1.1259349996378065E-4	9.474152973474087E-5
67	file:/Users/mlafleur/Projects/SDG_LLM/LLMs/chatgpt-api/results/separates/SDG_13/d_13_175.txt	0.24165132975919457	6.135058257740514E-5	7.340916413753183E-5	5.917349579553499E-5	2.425049481216189E-4	0.6888984005002553	8.375243112132792E-5	0.028104053265370316	5.805219775359764E-4	2.157722642248618E-4	0.00652568609886347	8.017797646723701E-5	6.515081743595921E-5	7.49668781492182E-5	0.020294545405379647	4.590440191391761E-5	0.0013864498702731572	0.01155685016318307
68	file:/Users/mlafleur/Projects/SDG_LLM/LLMs/chatgpt-api/results/separates/SDG_13/d_13_161.txt	0.20683847211055487	0.0035631721072048226	9.727595880571331E-5	7.841198857151361E-5	1.0373097964456404E-4	0.7261575577401334	1.1098202976910453E-4	0.008080540884665971	7.692613399984089E-4	7.211585661504313E-4	0.006688762995817143	5.414798502139685E-4	8.63326576118675E-5	7.521917201719177E-4	0.04321400008519373	6.0828845581367134E-5	7.491265831595914E-4	0.0013867135567517065
69	file:/Users/mlafleur/Projects/SDG_LLM/LLMs/chatgpt-api/results/separates/SDG_13/d_13_149.txt	0.33551756904633057	6.957754634997381E-5	8.325315434205915E-5	0.004164534133482958	8.877765240690355E-5	0.6261345654125497	4.674766660627248E-4	2.4566559029436022E-5	4.7212194260146025E-4	0.0015484331319327183	0.019693041566532878	4.634228857411264E-4	4.4638062126567483E-4	8.300062296383485E-4	0.009606237978164458	5.206007046149418E-5	2.6864309037273116E-4	6.933231273498224E-5
70	file:/Users/mlafleur/Projects/SDG_LLM/LLMs/chatgpt-api/results/separates/SDG_13/d_13_411.txt	0.21259913143335626	6.34125332543701E-5	7.587639540624616E-5	6.116227609049054E-5	8.091138780865906E-5	0.7183323270059357	8.6567292444449E-5	0.03804504222346882	6.000329199636721E-4	5.625121889070278E-4	0.004538338106206562	8.287270283997706E-5	0.01636276295615314	7.748646310922573E-5	0.008245832248942389	4.744721713466392E-5	7.509562008103097E-5	6.318902889726729E-5
71	file:/Users/mlafleur/Projects/SDG_LLM/LLMs/chatgpt-api/results/separates/SDG_13/d_13_377.txt	0.32223749395143914	6.656495440972314E-5	2.5783088166857074E-4	6.420283042828649E-5	2.6311617816312155E-4	0.6002712581273634	2.6905325424107757E-4	2.3502867916221032E-5	9.531494770926265E-5	5.5928952165031733E-5	1.3120836262494074E-4	2.6517499585960275E-4	2.4887063306789454E-4	8.133854018331378E-5	0.07529599293595549	4.980595606814811E-5	7.882884140603585E-5	2.4451278933086364E-4
72	file:/Users/mlafleur/Projects/SDG_LLM/LLMs/chatgpt-api/results/separates/SDG_13/d_13_363.txt	0.23963529223475688	6.236451906363593E-5	7.46223918986348E-5	6.0151451731474446E-5	2.4651280924798693E-4	0.6904343931665279	8.513660128168955E-5	0.0026930379772544537	0.017617857285537303	0.0018887246951804829	1.229287468878116E-4	0.007760680414800543	0.004406632145246519	7.620585013319909E-5	0.019461381373042607	4.666306052845318E-5	0.014931393292555186	3.9602198432533433E-4
73	file:/Users/mlafleur/Projects/SDG_LLM/LLMs/chatgpt-api/results/separates/SDG_13/d_13_405.txt	0.12697213744016217	0.0010218101883836415	1.0443491122435302E-4	0.0035886713374711997	5.7863014141972E-4	0.718620484476694	8.200474056585708E-4	4.980820842380993E-4	0.010404810276396188	0.12740308920791696	4.05672799086581E-4	0.008524837326915728	9.268624585305349E-5	3.4028355799470126E-4	1.3505200923663382E-4	6.530549959274053E-5	3.3699284448539377E-4	8.697224727014305E-5
74	file:/Users/mlafleur/Projects/SDG_LLM/LLMs/chatgpt-api/results/separates/SDG_13/d_13_439.txt	0.1842074339476435	8.52241991584565E-4	7.089436419207066E-5	5.714637144740096E-5	5.513946285354099E-4	0.7482456793454793	8.088329874949546E-5	0.01667377509882651	4.020362376221281E-4	4.978186559324446E-5	1.1678740294706133E-4	0.019902259157166126	0.014495393609632415	7.239871512357956E-5	0.002153460504938423	4.433184092938889E-5	0.01022047671973274	0.001803624899856545
75	file:/Users/mlafleur/Projects/SDG_LLM/LLMs/chatgpt-api/results/separates/SDG_13/d_13_388.txt	0.21046188684655523	5.728639958635319E-5	2.2189158009563675E-4	3.6194437913705097E-4	2.2644015388501457E-4	0.6819052191415005	7.820423268990975E-5	2.0226779914646055E-5	8.202890288808794E-5	4.813296021282993E-5	0.042742946517281694	7.486656857956166E-5	6.083488704129212E-5	8.367277924648506E-4	0.058359902278590545	5.028997216986901E-4	0.003901476370425883	5.7084487452376116E-5
76	file:/Users/mlafleur/Projects/SDG_LLM/LLMs/chatgpt-api/results/separates/SDG_13/d_13_203.txt	0.24713852408503306	7.867729549847062E-5	5.153515099203612E-4	7.588535297947495E-5	1.0038850115445458E-4	0.6745378246820805	1.0740590382714387E-4	2.7779514017603573E-5	1.1265871617944858E-4	2.767109533373164E-4	0.0012081084756541752	1.0282194694766398E-4	0.007665331378412155	9.613912332946828E-5	0.05256238987452716	5.88687840006264E-5	0.014835523882010794	4.996100210900669E-4
77	file:/Users/mlafleur/Projects/SDG_LLM/LLMs/chatgpt-api/results/separates/SDG_13/d_13_217.txt	0.2854635859307317	0.001100367736851885	4.224637202447014E-4	2.3485288161283755E-4	8.22943153383876E-5	0.5976731500607028	8.804689000343041E-5	2.277248948058814E-5	0.010796357025207856	5.419089616546202E-5	4.7242136783890316E-4	4.295796077081241E-4	0.012153657384185114	2.5145607963657533E-4	0.08780357360361596	4.825817915820139E-5	0.002838702783478253	6.426904803926367E-5
78	file:/Users/mlafleur/Projects/SDG_LLM/LLMs/chatgpt-api/results/separates/SDG_13/d_13_4.txt	0.2286028056816632	1.9780141094990876E-4	2.0837529302909338E-4	6.279060279967929E-4	2.126467953358395E-4	0.6552001645038614	7.344050592569458E-5	7.390174414154878E-4	2.2103675126138042E-4	3.3321009430689586E-4	5.380544060966693E-4	0.03837551666778462	0.0010651610509726755	6.573666441960103E-5	0.051204857798311465	4.025247333884294E-5	0.022240409186065128	5.36072472654332E-5
79	file:/Users/mlafleur/Projects/SDG_LLM/LLMs/chatgpt-api/results/separates/SDG_13/d_13_39.txt	0.1865377006063956	5.3176588805275885E-5	6.330053378657716E-4	0.013146955563505156	6.785080769295334E-5	0.679815573546626	6.41970528287664E-4	0.004716134137109484	0.005769911854146757	1.8702402631290738E-4	8.165390947287899E-4	0.022275190050827946	5.64705025375838E-5	2.0732292422009625E-4	0.03410254524574598	3.978836715769882E-5	0.029101189722540204	0.021831651095493954
80	file:/Users/mlafleur/Projects/SDG_LLM/LLMs/chatgpt-api/results/separates/SDG_13/d_13_11.txt	0.2565691339208196	7.73095910162432E-4	7.901487347022874E-5	6.369213350959308E-5	8.42581284439286E-5	0.7050908109532276	9.014797846597951E-5	0.001967732131557523	9.455677163235409E-5	5.548406923158635E-5	0.0017210506694403025	0.0030913074480093147	7.771863405607849E-4	8.069153846134084E-5	0.007703079351409928	4.029399990889786E-4	0.021290015063543232	6.580271896539234E-5
81	file:/Users/mlafleur/Projects/SDG_LLM/LLMs/chatgpt-api/results/separates/SDG_13/d_13_13.txt	0.24077696481490118	2.353134414789779E-4	7.657832575174159E-5	6.17280865425768E-5	2.52974177432051E-4	0.6809498285030502	2.586824046785006E-4	2.2596933111099346E-5	7.768980879086584E-4	5.377313081757318E-5	1.2615084271508655E-4	0.0065935820227429505	0.0019524205441158625	2.4951756885300413E-4	0.0672542267689427	4.788614997191609E-5	7.579032749651175E-5	2.3508786948951384E-4
82	file:/Users/mlafleur/Projects/SDG_LLM/LLMs/chatgpt-api/results/separates/SDG_13/d_13_6.txt	0.3108119569741599	5.7128711910124465E-5	6.835747621931505E-5	5.5101442431340316E-5	7.2893529514541E-5	0.6512786090555504	7.798896617267062E-5	0.005372487328671943	8.180310850803589E-5	4.8000468474812255E-5	1.1260827585731024E-4	7.46604893825485E-5	6.0667431728330474E-5	6.980799537126797E-5	0.023332742532216368	4.27454678044507E-5	0.008325513390463312	5.6927355563479795E-5
83	file:/Users/mlafleur/Projects/SDG_LLM/LLMs/chatgpt-api/results/separates/SDG_13/d_13_229.txt	0.2769095339523904	7.236753557562844E-5	2.8030644153675683E-4	6.979950119813187E-5	9.233754646307367E-5	0.6328390107102289	2.9250708756116417E-4	2.555165319557373E-5	0.018700256027625456	6.080437478553049E-5	0.03559247636629498	0.0010631504344392885	0.02816551358154483	2.821438800649916E-4	0.004179990805974275	2.4786254654675773E-4	0.0010542750862336742	7.211246834074817E-5
