#doc name topic proportion ...
0	file:/Users/mlafleur/Projects/SDG_LLM/LLMs/chatgpt-api/results/separates/SDG_11/d_11_315.txt	2.5171470030779E-4	6.399916077057808E-5	0.0011044640100021407	6.172808654257682E-5	2.529741774320511E-4	0.7176110845746477	8.736812397010071E-5	0.0017357397401950984	0.0016334694914506582	2.2508741152597306E-4	2.974651234234865E-4	5.975821979489559E-4	0.2640632700279676	2.495175688530042E-4	9.902873124996263E-5	4.78861499719161E-5	0.011553847134959303	6.377358878111398E-5
1	file:/Users/mlafleur/Projects/SDG_LLM/LLMs/chatgpt-api/results/separates/SDG_11/d_11_473.txt	9.028376790605204E-5	7.186635848398996E-5	2.7836519583839935E-4	6.931610887683695E-5	9.169806824100497E-5	0.6346122690123006	2.904813470096659E-4	2.5374696731141834E-5	0.0116453075965886	6.038327768070976E-5	7.187782099670582E-4	9.392085547102034E-5	0.3301890014844115	8.78165506040608E-5	0.021464644808786536	5.3772630435521624E-5	8.510697296498498E-5	7.161305770217367E-5
2	file:/Users/mlafleur/Projects/SDG_LLM/LLMs/chatgpt-api/results/separates/SDG_11/d_11_467.txt	0.004347551852418278	8.342088695395304E-5	9.930284720728508E-4	8.046061334790872E-5	5.530466193030659E-4	0.6808182622985715	7.837898735364187E-4	2.9454389399331966E-5	0.006818533909989772	2.933943396379399E-4	0.0017275529642901423	0.0010022323020031762	0.2899355708394451	3.2523827896632025E-4	0.009954402271613772	6.241808572751964E-5	9.879030078150942E-5	0.0020928517019412505
3	file:/Users/mlafleur/Projects/SDG_LLM/LLMs/chatgpt-api/results/separates/SDG_11/d_11_301.txt	0.001979278851594754	7.808527011388366E-5	9.343308848422739E-5	7.531433620776774E-5	9.963310481517356E-5	0.6291211976894254	3.1561797373311456E-4	2.7570480682564365E-5	1.1181098978836404E-4	6.560850789608685E-5	1.5391643437034106E-4	7.291090504978044E-4	0.3664954559430761	9.541570240984494E-5	3.298450613726529E-4	5.842581231143285E-5	9.247165311745023E-5	7.781005010294363E-5
4	file:/Users/mlafleur/Projects/SDG_LLM/LLMs/chatgpt-api/results/separates/SDG_11/d_11_329.txt	0.0028518643770124984	5.768445369758566E-5	6.902245018337401E-5	3.6445934689891576E-4	5.368354553029774E-4	0.6475774640710563	7.874763420515201E-5	0.04186573257139775	3.9142076382833496E-4	0.0011293440047867025	2.6811465856997857E-4	7.538677836115283E-5	0.297147909749188	7.04870798251192E-5	8.613124151177154E-4	4.316129098493624E-5	6.831220260637015E-5	0.006542740696977173
5	file:/Users/mlafleur/Projects/SDG_LLM/LLMs/chatgpt-api/results/separates/SDG_11/d_11_498.txt	6.449097548735833E-5	5.133515880927275E-5	6.142518849436418E-5	4.951347935663078E-5	6.550123026901658E-5	0.6249438985275088	7.007992706265665E-5	1.812550564560037E-5	3.4833730380314626E-4	3.179626666678271E-4	0.01947670590125757	0.015182740939494432	0.2876641469369434	0.0018491238365538358	0.02921141690149796	3.132405876127234E-4	0.020260800711066063	5.115422246944207E-5
6	file:/Users/mlafleur/Projects/SDG_LLM/LLMs/chatgpt-api/results/separates/SDG_11/d_11_117.txt	4.015373046028105E-4	6.486557969965619E-4	1.221583581560839E-4	9.846913771141498E-5	0.0012233921678411776	0.6331552069270641	0.0012324979776321707	3.604680855995295E-5	1.461864009628554E-4	8.577932866908707E-5	2.012368339840712E-4	0.002319677463839713	0.32695358230215515	1.247505111710376E-4	1.5797142469519697E-4	7.638836970593125E-5	0.03154832118824993	0.0014681416980026909
7	file:/Users/mlafleur/Projects/SDG_LLM/LLMs/chatgpt-api/results/separates/SDG_11/d_11_1.txt	5.471049119549388E-4	5.891251314430181E-5	0.0011743795452276015	5.682194369467368E-5	8.636607596689938E-4	0.6755567516708846	5.535188237997612E-4	2.0800930870027166E-5	0.011438630403212772	4.949924714570482E-5	4.315208586359134E-4	3.9238818095522945E-4	0.2790307427321883	7.0278064517347E-4	0.024061289939187287	4.4080163015941266E-5	0.004958411861644003	5.870486959656955E-5
8	file:/Users/mlafleur/Projects/SDG_LLM/LLMs/chatgpt-api/results/separates/SDG_11/d_11_103.txt	0.011345506389981327	2.4553490493658595E-4	7.990470844113063E-5	6.440940970430271E-5	4.4271855266930484E-4	0.669951130414303	9.116319016312111E-5	5.598458034498253E-4	4.5313317519756125E-4	5.610890937828113E-5	0.026229973086410136	0.0015173186200549995	0.28339881246074683	8.160025538545045E-5	0.0027846668699214035	4.0747775364856353E-4	0.0020453959609789195	2.4529953462946996E-4
9	file:/Users/mlafleur/Projects/SDG_LLM/LLMs/chatgpt-api/results/separates/SDG_11/d_11_261.txt	0.03454771314131914	9.74670453857186E-4	6.252247866915965E-4	6.535570922921698E-5	8.64588676708405E-5	0.6444245178117959	6.366486774113355E-4	2.392490473299263E-5	8.22554664788956E-4	5.6933258406348353E-5	1.335644478437078E-4	0.0011768469004781782	0.3093283372204889	2.641811627562775E-4	4.6761251182770176E-4	4.1346439452077455E-4	0.00570308762420393	2.4890346197715464E-4
10	file:/Users/mlafleur/Projects/SDG_LLM/LLMs/chatgpt-api/results/separates/SDG_11/d_11_507.txt	0.0015139389920450278	6.677913406501688E-5	0.001509950875413684	6.440940970430271E-5	8.520701092616659E-5	0.6985520537537541	6.274305027778282E-4	2.3578490835118057E-5	0.022976360305015268	5.610890937828113E-5	3.103863100326146E-4	8.727245308244713E-5	0.2247669196148722	8.160025538545045E-5	0.018336418935747913	4.996621190542535E-5	0.030288807758686833	6.028110763726082E-4
11	file:/Users/mlafleur/Projects/SDG_LLM/LLMs/chatgpt-api/results/separates/SDG_11/d_11_513.txt	8.814716496690101E-5	7.016561120323008E-5	8.395680453611781E-5	6.767571431431853E-5	2.773487583967564E-4	0.7219562214617626	9.578622194777134E-5	2.4774193973301248E-5	2.8829152315969247E-4	5.8954282285851756E-5	0.0014530510769116892	9.169817934106774E-5	0.2620844764005087	8.573833538909563E-5	1.085703526604428E-4	4.2814160496052915E-4	0.012103621719489487	6.333805941925009E-4
12	file:/Users/mlafleur/Projects/SDG_LLM/LLMs/chatgpt-api/results/separates/SDG_11/d_11_275.txt	6.81132095305565E-5	1.9935161812184812E-4	6.487522793310339E-5	5.2294479475910016E-5	6.918020681354571E-5	0.6757192054854954	7.401607309910417E-5	0.001180208686624897	7.76359164148848E-5	4.555524143706299E-5	8.325375240971478E-4	3.6112343825852564E-4	0.31180356548651655	6.625185512604368E-5	5.192940711206688E-4	1.8570108139373247E-4	0.008481929879324482	1.9916051921640526E-4
13	file:/Users/mlafleur/Projects/SDG_LLM/LLMs/chatgpt-api/results/separates/SDG_11/d_11_13.txt	0.0011988594533608211	0.0043314683053862525	0.0024919281439650743	2.520874745626909E-4	6.442776566774663E-4	0.7466066302887622	4.6513764757964796E-4	0.0011363320464277342	2.844449471334748E-4	5.816767529027245E-5	1.3646036868374687E-4	9.047468163140468E-5	0.2320875650990952	0.006570610060240494	1.071217352639808E-4	4.2242905671971507E-4	0.0024910757474997276	6.249296117203495E-4
14	file:/Users/mlafleur/Projects/SDG_LLM/LLMs/chatgpt-api/results/separates/SDG_11/d_11_249.txt	4.622260096153649E-4	6.992919641263153E-5	8.324256142858852E-4	6.744768893901202E-5	2.7641426431176627E-4	0.6950020567955931	9.546348151673002E-5	2.1187864332167033E-4	0.007213273312927066	2.4594356583886213E-4	5.122155764393307E-4	9.138921308971714E-5	0.2789842662151672	8.544945013234827E-5	0.0019800837684701964	5.232318590606112E-5	0.01356034337157734	2.568706464556787E-4
15	file:/Users/mlafleur/Projects/SDG_LLM/LLMs/chatgpt-api/results/separates/SDG_11/d_11_248.txt	0.0010515407599385896	6.0722340484426744E-5	7.265743978571543E-5	5.8567547501555354E-5	7.747882930140312E-5	0.6750171462531442	5.705232503149369E-4	2.143994780173423E-5	0.002850176800737188	2.135627135867357E-4	0.005808690502397178	7.935693813914947E-5	0.307432956686077	0.0034875984270055106	0.0023695578453381784	4.5434331764234275E-5	7.220810686785586E-4	6.0508318003771256E-5
16	file:/Users/mlafleur/Projects/SDG_LLM/LLMs/chatgpt-api/results/separates/SDG_11/d_11_12.txt	0.02654919624607876	2.2725452863406884E-4	7.395570441246093E-5	0.001217744333619037	7.886324394222067E-5	0.7201679889794316	2.4982316170150395E-4	0.002172636427431399	0.00670638982129529	3.8282589873437993E-4	2.872776666891709E-4	8.077491138423954E-5	0.2359933194126967	2.409721992046681E-4	0.0022464506224452153	4.624616584403791E-5	0.0032166911779267413	6.158949852870915E-5
17	file:/Users/mlafleur/Projects/SDG_LLM/LLMs/chatgpt-api/results/separates/SDG_11/d_11_512.txt	0.01385431661550911	0.01641470530192097	0.0037028433542140053	5.457565137151557E-5	0.022640347380074782	0.7021659157264669	0.004015311118307704	1.9978625818673133E-5	6.868788840174866E-4	4.754243659619303E-5	5.659260110850332E-4	0.001437124871727872	0.20468807419070234	6.91418708879346E-5	9.963388096188928E-4	4.2337580391201724E-5	0.027784936979816224	8.137045914731447E-4
18	file:/Users/mlafleur/Projects/SDG_LLM/LLMs/chatgpt-api/results/separates/SDG_11/d_11_274.txt	9.139138780437345E-5	7.274802980235583E-5	8.704680275375258E-5	2.648999279656096E-4	9.282303906773276E-5	0.6513555613049617	9.931159736823834E-5	2.568599874771839E-5	0.010230307155584942	2.55857506952723E-4	0.03461121397744976	0.0016529405739817097	0.29334580700289253	8.889390217131285E-5	0.0012809668516967996	5.443232416382773E-5	0.005733420690883587	6.566919257510683E-4
19	file:/Users/mlafleur/Projects/SDG_LLM/LLMs/chatgpt-api/results/separates/SDG_11/d_11_260.txt	4.1098915961986204E-4	6.217768162902694E-5	0.008396324209690942	5.997124441009596E-5	0.02471223489601655	0.6507508227961635	8.488154112226511E-5	5.212693248516629E-4	5.883482956717467E-4	5.224269455902246E-5	4.554374806389216E-4	0.0017456439730902378	0.27685326723846976	0.0019068011288207243	0.01840444610874446	4.652326298569903E-5	0.0148866604338752	6.195852964052503E-5
20	file:/Users/mlafleur/Projects/SDG_LLM/LLMs/chatgpt-api/results/separates/SDG_11/d_11_506.txt	4.2697895097685814E-4	6.459674338050828E-5	4.231211688984675E-4	6.230446333592795E-5	8.242238381915677E-5	0.5904763106255755	0.058705996767025946	2.280792860076453E-5	9.24966489063267E-5	5.427522939935421E-5	8.189843663003915E-4	8.442032582311624E-5	0.25477077604091686	5.97675206365898E-4	9.995339724504602E-5	0.09134687365761021	0.001805637030673546	6.436906514626583E-5
21	file:/Users/mlafleur/Projects/SDG_LLM/LLMs/chatgpt-api/results/separates/SDG_11/d_11_102.txt	8.457313216707423E-5	2.475260065314591E-4	6.211687081629412E-4	6.49317210979524E-5	8.58979750699134E-5	0.6267284822628119	9.190245439675173E-5	2.3769694487888444E-5	0.015774262015776145	5.6563910018530394E-5	3.1290330726806815E-4	8.798016639337469E-5	0.3525531443633227	8.22619714810988E-5	1.0416823715686547E-4	5.037139993455854E-5	0.0029630092907810593	6.708338314187987E-5
22	file:/Users/mlafleur/Projects/SDG_LLM/LLMs/chatgpt-api/results/separates/SDG_11/d_11_116.txt	0.0027039258063548013	6.981158544145585E-5	0.0013916448914942385	6.733425151077583E-5	8.907627519835282E-5	0.7044849287755726	9.530292550652301E-5	2.464919395201822E-5	9.996382743531368E-5	8.061492225114936E-4	0.005556927791835604	0.0049499360990279	0.2304886677267834	8.53057362998999E-5	0.027391495094589796	0.0017340930821454026	0.019517475988209604	4.433117261308856E-4
23	file:/Users/mlafleur/Projects/SDG_LLM/LLMs/chatgpt-api/results/separates/SDG_11/d_11_499.txt	7.917960584933333E-5	6.30273865453922E-5	4.128415779509543E-4	5.669298426295773E-4	2.491329741677251E-4	0.6884937492301966	8.604151140276811E-5	2.2253817406124187E-5	9.338145495092785E-4	5.2956630383709865E-5	1.2423534669982702E-4	2.510823768216185E-4	0.3035816460313823	7.701583601509685E-5	6.036641079552179E-4	0.0034214193446767548	9.182045907281739E-4	6.28052396796742E-5
24	file:/Users/mlafleur/Projects/SDG_LLM/LLMs/chatgpt-api/results/separates/SDG_11/d_11_328.txt	7.799531167025501E-5	6.208468209255291E-5	7.428755240275772E-5	5.988154505518618E-5	7.921711264266E-5	0.7529812103772316	8.475458328509985E-5	0.006835693109480568	5.874682995485524E-4	5.216455484311714E-5	0.0014518936669237433	5.797060514094431E-4	0.23655368064754587	7.58639054729938E-5	2.622559382230873E-4	4.645367785837403E-5	7.352312642316079E-5	6.186585789101274E-5
25	file:/Users/mlafleur/Projects/SDG_LLM/LLMs/chatgpt-api/results/separates/SDG_11/d_11_466.txt	0.0030937238580534122	7.471213822720345E-5	2.893879615975556E-4	7.206090327968716E-5	2.9532014927460387E-4	0.6613417121091523	3.0198389076643124E-4	2.6379489508610248E-5	1.069809723678397E-4	6.277434788487044E-5	0.012746700601579982	9.763995399782623E-5	0.28786639035159506	6.912669322963935E-4	0.008315236432694568	2.558929317082413E-4	0.024287388168829773	7.444880718576306E-5
26	file:/Users/mlafleur/Projects/SDG_LLM/LLMs/chatgpt-api/results/separates/SDG_11/d_11_300.txt	5.570020347352145E-4	7.609759284070739E-4	1.0083064086501375E-4	3.068467612466895E-4	1.0752154266612875E-4	0.6911125338359104	1.1503756245126414E-4	2.9753369831595955E-5	3.4623303253088396E-4	7.080305280154045E-5	3.916721700996241E-4	1.1012789541242302E-4	0.30370593008474905	0.0012308173403100587	1.3039107786651835E-4	5.141905131772168E-4	9.97930839806687E-5	3.0954007295829784E-4
27	file:/Users/mlafleur/Projects/SDG_LLM/LLMs/chatgpt-api/results/separates/SDG_11/d_11_314.txt	0.0010333998141567387	5.967477226031015E-5	3.9088130563794376E-4	5.755715328358539E-5	7.614218188349407E-5	0.6913261684392269	8.146470731727394E-5	2.1070070622023488E-5	8.54488348710232E-5	3.6961704533104755E-4	1.1762689883473918E-4	3.974652257456023E-4	0.30484474949616674	7.291913446749592E-5	7.312920851758328E-4	4.465050884402931E-5	2.3040788412776044E-4	5.946444204757768E-5
28	file:/Users/mlafleur/Projects/SDG_LLM/LLMs/chatgpt-api/results/separates/SDG_11/d_11_472.txt	0.009889224727639132	7.622125109264918E-5	9.120269274002009E-5	7.351646376577991E-5	9.725470486535882E-5	0.700816094535504	3.080836730177046E-4	2.6912329659433817E-5	0.004393785020645061	2.6807295447541044E-4	0.005863099720337622	5.076734376127906E-4	0.2314516719735717	5.011992295991167E-4	0.040516004367624335	5.703109567254884E-5	0.004374907344558276	6.880444776191946E-4
29	file:/Users/mlafleur/Projects/SDG_LLM/LLMs/chatgpt-api/results/separates/SDG_11/d_11_302.txt	5.379429846521665E-4	5.792595252154474E-5	6.931141609147547E-5	5.587039216231291E-5	2.2896816168630925E-4	0.6315266349129851	7.907731507809232E-5	0.003121600412890363	0.010781904658334653	3.587851047944432E-4	2.692371338745085E-4	7.570238884455496E-5	0.3492507584224453	7.078217747779556E-5	0.0030357218151982513	4.334198786850323E-5	2.2365558595438645E-4	2.1277917714041428E-4
30	file:/Users/mlafleur/Projects/SDG_LLM/LLMs/chatgpt-api/results/separates/SDG_11/d_11_464.txt	0.0014964894104249323	7.484685650694063E-5	8.955815810818153E-5	4.7289407615726763E-4	9.550104249580316E-5	0.6497117165187074	0.001103934887836957	2.6427056069162134E-5	1.0717387666564173E-4	6.288754036415615E-5	5.482363264144331E-4	4.985192501131005E-4	0.3306596521389782	9.14585475130326E-5	0.01193655928922175	5.6002731168086685E-5	0.0028935592426186695	7.458305063629918E-5
31	file:/Users/mlafleur/Projects/SDG_LLM/LLMs/chatgpt-api/results/separates/SDG_11/d_11_470.txt	4.553223117477996E-4	4.376690080248031E-4	8.242418811898046E-5	6.644030628071475E-5	2.722858065283506E-4	0.6475588533120674	6.472140478511012E-4	2.4321945503214557E-5	9.86366843438048E-5	5.787808243056812E-5	0.014702759159125266	0.0011963770179442173	0.3059796932506523	8.417319744558532E-5	0.021864859611451272	5.154169923190255E-5	0.006350908412485475	6.864195876726246E-5
32	file:/Users/mlafleur/Projects/SDG_LLM/LLMs/chatgpt-api/results/separates/SDG_11/d_11_316.txt	8.269545953255263E-5	5.944394289329399E-4	7.876426354274671E-5	6.349012241650402E-5	8.399088858728236E-5	0.7298137718440291	8.98620578873112E-5	1.9944643342931256E-4	2.7046133583516046E-4	5.53080914952963E-5	3.059563022056579E-4	4.384357877214274E-4	0.23759352643249068	0.0013138668871395401	1.018555186458683E-4	4.016620021813541E-4	0.02844687313015765	6.559401376972749E-5
33	file:/Users/mlafleur/Projects/SDG_LLM/LLMs/chatgpt-api/results/separates/SDG_11/d_11_458.txt	7.266940052358101E-5	8.320517651720953E-4	2.2405613298345415E-4	6.751577620592436E-4	7.380777079638881E-5	0.6470597358015405	7.89671151644747E-5	2.0424092200477826E-5	0.00519259223673796	4.860249735336935E-5	1.1402062528190385E-4	3.8527950678184797E-4	0.34148651098203	7.068353743373213E-5	0.001792760860391403	4.3281587697930815E-5	0.001771756979089507	5.7641346762275834E-5
34	file:/Users/mlafleur/Projects/SDG_LLM/LLMs/chatgpt-api/results/separates/SDG_11/d_11_2.txt	8.84273127859812E-4	7.391390398267385E-5	8.798589156378641E-4	7.129099517566992E-5	4.900191811635025E-4	0.6875153683835484	1.0090318448739934E-4	4.2180618948006667E-4	0.0028757977668674374	6.210365855180204E-5	7.392569307401161E-4	9.659675597452322E-5	0.30081698417912256	8.817356170326224E-4	1.1437025181275102E-4	0.001242430292906713	2.853860279513334E-4	0.002447904637704529
35	file:/Users/mlafleur/Projects/SDG_LLM/LLMs/chatgpt-api/results/separates/SDG_11/d_11_100.txt	3.470466981343364E-4	5.250396172726438E-5	6.28237219988019E-5	5.0640806134112096E-5	6.699256741194639E-5	0.6625029233012241	7.167551233293497E-5	1.853818857831246E-5	0.0019022489036815277	4.4114678511518575E-5	0.005303608939928172	0.003301121437518676	0.3023652409983777	2.0470051056295835E-4	8.124170149802768E-5	3.9285086790503164E-5	0.023532974079774446	5.231890581467168E-5
36	file:/Users/mlafleur/Projects/SDG_LLM/LLMs/chatgpt-api/results/separates/SDG_11/d_11_114.txt	0.0067013263778601985	6.0369088257496984E-5	0.0070209155302275806	5.822683078319953E-5	7.702809619770053E-5	0.6416795385070128	4.056070038731928E-4	2.1315220901456685E-5	0.0010560263960651618	8.587092217738565E-4	0.05942517791728316	5.636869611214386E-4	0.2508630053397968	2.3536477595199922E-4	0.026272162586706064	0.0026307256547815146	0.001687463725897793	3.833507655089958E-4
37	file:/Users/mlafleur/Projects/SDG_LLM/LLMs/chatgpt-api/results/separates/SDG_11/d_11_128.txt	9.706987279664235E-4	8.11379768473395E-5	5.31469448908199E-4	7.825871458965581E-5	5.379118519475913E-4	0.6372098153587078	1.1076509026881554E-4	2.86483355955528E-5	3.333740065865563E-4	2.8536526049913413E-4	0.005155345561454846	3.232295862792177E-4	0.3128423832496724	9.914593420387139E-5	0.018804044812506263	6.0709941832796016E-5	0.022466844144893364	8.085199724013565E-5
38	file:/Users/mlafleur/Projects/SDG_LLM/LLMs/chatgpt-api/results/separates/SDG_11/d_11_276.txt	6.720581429368137E-4	7.236753557562842E-5	8.659152161427891E-5	6.979950119813185E-5	6.734823062305074E-4	0.656472230940771	2.925070875611641E-4	2.5551653195573727E-5	0.002815632593982265	6.0804374785530473E-5	1.4264602048151315E-4	4.8200567467185455E-4	0.254424540050999	8.842896014251362E-5	0.04505383890961711	5.41476266242798E-5	0.038441254631271904	7.211246834074816E-5
39	file:/Users/mlafleur/Projects/SDG_LLM/LLMs/chatgpt-api/results/separates/SDG_11/d_11_38.txt	8.935552825925645E-5	7.112747479799802E-5	8.510772437322205E-5	6.860344521742882E-5	9.075528766759735E-5	0.7408017294489772	9.709930506914636E-5	2.511381041594318E-5	0.015333488022469364	5.9762455647617084E-5	5.209926950876497E-4	6.641417201815395E-4	0.21922075326381157	0.0048468011652400425	0.005060341674189034	2.4361527434422405E-4	0.012650334925959104	7.087677829194137E-5
40	file:/Users/mlafleur/Projects/SDG_LLM/LLMs/chatgpt-api/results/separates/SDG_11/d_11_510.txt	7.453916262848032E-5	5.9333569109887637E-5	7.099570257801379E-5	5.72280580682062E-5	7.570682283050325E-5	0.6726026091151649	8.099891559772367E-5	2.0949598030280718E-5	2.4378559125845596E-4	5.263290097840271E-4	0.0012287316395266786	3.951926341282232E-4	0.2788014598555429	7.250220387079651E-5	0.0423393467562247	0.002109124476704272	0.0011820424474473892	5.91244415046976E-5
41	file:/Users/mlafleur/Projects/SDG_LLM/LLMs/chatgpt-api/results/separates/SDG_11/d_11_504.txt	8.78714273598016E-4	3.8134506791116107E-4	0.001999767833316505	7.005403465013264E-4	3.979077226046408E-4	0.7313131134129719	8.193588717813935E-5	2.119193680519707E-5	8.59430583384793E-5	5.0429710284174326E-5	9.216200993891555E-4	7.843896046998573E-5	0.23463109399317164	7.334088799444359E-5	5.748591980372811E-4	3.6623390636955416E-4	0.027383715329441945	5.980837561651932E-5
42	file:/Users/mlafleur/Projects/SDG_LLM/LLMs/chatgpt-api/results/separates/SDG_11/d_11_262.txt	8.416363029550535E-5	2.4632748922059065E-4	0.0013354921893866366	6.461732265210471E-5	4.441476438495328E-4	0.6450344744375989	2.7079025681451527E-4	3.823201874952949E-4	9.59302991567858E-5	5.629002839179717E-5	1.3205544126065145E-4	2.668869604724029E-4	0.34528677060841373	0.002054524380582368	4.6232944159412264E-4	5.012750235126936E-5	0.003665993614083967	6.675856637981998E-5
43	file:/Users/mlafleur/Projects/SDG_LLM/LLMs/chatgpt-api/results/separates/SDG_11/d_11_10.txt	7.02228847846467E-5	5.58977890351766E-5	9.646547780424467E-4	5.3914200085703965E-5	7.132293024991389E-5	0.6133053072149807	6.7482202155593E-4	1.9736486926980353E-5	0.037936015833694166	1.9659458799867592E-4	0.010434538861961636	7.305181834546368E-5	0.3347780034789273	6.830387851857345E-5	8.346349247933261E-4	1.914528141159792E-4	2.1582472477370507E-4	5.570077120982558E-5
44	file:/Users/mlafleur/Projects/SDG_LLM/LLMs/chatgpt-api/results/separates/SDG_11/d_11_289.txt	2.821685911203495E-4	7.174214698401505E-5	8.584321162531405E-5	6.91963051461674E-5	9.153958025244835E-5	0.7105238131759044	2.899792884027192E-4	2.533083992235298E-5	0.02180334616080636	6.027891316785089E-5	1.4141329653784702E-4	9.375852568858699E-5	0.2610597240085247	8.766477130560666E-5	0.0035677453980727247	2.4572055832419905E-4	0.0014292459442151377	7.1489283999114E-5
45	file:/Users/mlafleur/Projects/SDG_LLM/LLMs/chatgpt-api/results/separates/SDG_11/d_11_288.txt	9.729757038368963E-4	0.0013117385476139618	0.002214286911676616	6.410003691349578E-5	8.479774260826763E-5	0.6827439504212769	9.07253129850953E-5	2.0136240502445027E-4	0.0013404425100322804	5.583940574576558E-5	0.002621558625572036	8.685326398422939E-5	0.29022085430242545	8.120831112055109E-5	0.013445121509597976	2.2762337997259875E-4	0.004170337470426094	6.622413918753003E-5
46	file:/Users/mlafleur/Projects/SDG_LLM/LLMs/chatgpt-api/results/separates/SDG_11/d_11_11.txt	4.0019858974639743E-4	5.467511326493418E-4	0.0028276124376330858	5.446026257052731E-4	2.3932144981501208E-4	0.6871479342752664	5.688588995777886E-4	2.13774024227185E-5	0.008190127432426305	5.087105632277648E-5	0.014381383342844861	7.912543525400534E-5	0.25678102845441486	7.398274594289328E-5	0.020676402116777702	3.694390781396709E-4	0.0070406517240767935	6.03318009843201E-5
47	file:/Users/mlafleur/Projects/SDG_LLM/LLMs/chatgpt-api/results/separates/SDG_11/d_11_505.txt	7.5950517943382E-5	0.023849848129467298	5.578377423931346E-4	5.8311637774066806E-5	7.714028710630562E-5	0.7489381538235014	7.298629529953286E-4	2.1346266378601996E-5	4.102341210211064E-4	5.079696296837362E-5	2.810013965931744E-4	0.0012118383378724375	0.22080385822355197	2.357075831791169E-4	0.001226375961435467	2.07068399972737E-4	0.001204423727727654	6.024392811838764E-5
48	file:/Users/mlafleur/Projects/SDG_LLM/LLMs/chatgpt-api/results/separates/SDG_11/d_11_263.txt	6.966003646272996E-5	5.5449758783303724E-5	6.634852144679104E-5	5.3482068635411327E-5	7.075126487717309E-5	0.6695423356851945	3.7255508033606966E-4	1.9578295639603745E-5	0.001118402449909912	0.0013824513624915438	0.008272897366181463	7.246629564164987E-5	0.2930578571685995	6.775641135708496E-5	8.579986353432678E-5	4.148922318719759E-5	0.02529860669927464	3.521124484471382E-4
49	file:/Users/mlafleur/Projects/SDG_LLM/LLMs/chatgpt-api/results/separates/SDG_11/d_11_277.txt	8.668190542081511E-5	6.899925682687447E-5	0.004515328597305759	2.512493907089666E-4	2.727384238954879E-4	0.6903771754600572	9.419397929146838E-5	2.4362375575856542E-5	2.834992884176676E-4	2.4267293397879842E-4	0.0200834599799786	0.0010136670993144098	0.2590207686832391	0.00931924519349468	0.001769053374637312	5.1627376368370184E-5	0.012456520620032873	6.87560614560824E-5
50	file:/Users/mlafleur/Projects/SDG_LLM/LLMs/chatgpt-api/results/separates/SDG_11/d_11_511.txt	0.001422404319049632	6.274158286138474E-5	7.507356835134966E-5	0.001068202955538473	5.83899197145915E-4	0.6742871427596104	8.565134797882904E-5	2.2152905352705647E-5	0.004960331360523557	5.271649350217527E-5	0.0011313598101892058	8.199584980029174E-5	0.31396138406461727	7.666660037537734E-5	4.3297876551102505E-4	5.507891015626369E-4	9.140409046055763E-4	2.3046841342431413E-4
51	file:/Users/mlafleur/Projects/SDG_LLM/LLMs/chatgpt-api/results/separates/SDG_11/d_11_39.txt	0.03370183466195929	6.899925682687447E-5	8.256120083914574E-5	6.655074918952442E-5	8.803978237604573E-5	0.7378447263305538	9.419397929146838E-5	2.4362375575856542E-5	0.0028692802696898586	5.7974292459356216E-5	5.054039789177228E-4	6.442698162755254E-4	0.16168458460249308	8.431311752257027E-5	0.024486986281528705	2.363260178878123E-4	0.03739083722515757	6.87560614560824E-5
52	file:/Users/mlafleur/Projects/SDG_LLM/LLMs/chatgpt-api/results/separates/SDG_11/d_11_129.txt	0.03811313661241697	4.29822672191767E-4	8.09465238364087E-5	6.524919394155017E-5	2.674043873704524E-4	0.6174788897347777	9.235179615202317E-5	3.8605876934824965E-4	0.0011833869403061084	5.6840469842526137E-5	4.955196243594576E-4	0.009323818181601806	0.3267517571625571	8.266417769963819E-5	0.003002060405577113	2.317041109587292E-4	0.0018909778608834273	6.741137617893618E-5
53	file:/Users/mlafleur/Projects/SDG_LLM/LLMs/chatgpt-api/results/separates/SDG_11/d_11_115.txt	0.0015311825785418872	6.753974052306181E-5	8.081481364269478E-5	6.514302528147172E-5	2.66969286738686E-4	0.6217171353398677	9.220152814316346E-5	2.384704706381493E-5	0.013656094103420861	5.674798323607371E-5	0.0024834229096178002	0.001353808922104902	0.35568915069807855	8.056967847116388E-4	0.001550841450941363	5.053532116375005E-5	4.415667775466303E-4	6.7301689375918E-5
54	file:/Users/mlafleur/Projects/SDG_LLM/LLMs/chatgpt-api/results/separates/SDG_11/d_11_101.txt	0.0016492588658758374	7.274802980235583E-5	4.765136722716183E-4	2.648999279656096E-4	9.282303906773276E-5	0.612798341222693	2.9404503212717125E-4	2.568599874771839E-5	6.883688523972281E-4	6.112407219379008E-5	0.0013117966336722328	0.001263473704463844	0.31554541856541085	8.889390217131285E-5	0.04996432554143002	5.443232416382773E-5	0.015275358994071297	7.24916214742695E-5
55	file:/Users/mlafleur/Projects/SDG_LLM/LLMs/chatgpt-api/results/separates/SDG_11/d_11_3.txt	4.0195749682628187E-4	6.0811300446906785E-5	7.27638850094283E-5	5.865335063079446E-5	2.4037328808539324E-4	0.6898424464020665	0.0010597019334264808	5.098142081983382E-4	0.0010637619401682402	2.138755890595229E-4	1.1986714678146737E-4	0.0010561588988411204	0.2971398120393329	2.3708885653509065E-4	0.003512495965843207	4.550089435745461E-5	0.0038159769897128186	5.489398146781538E-4
56	file:/Users/mlafleur/Projects/SDG_LLM/LLMs/chatgpt-api/results/separates/SDG_11/d_11_459.txt	0.04030373129131706	7.988869257442479E-5	9.559097729071336E-5	7.705376241862342E-5	7.434773132565167E-4	0.6842821640803571	0.0011782981810119254	2.820723616843687E-5	5.420887442683222E-4	6.712377263897408E-5	1.5747121947110393E-4	3.182528090120311E-4	0.2584128696365497	9.761938078046796E-5	5.513107242701274E-4	5.977518873087952E-5	0.012711622164734482	2.9345482514918033E-4
57	file:/Users/mlafleur/Projects/SDG_LLM/LLMs/chatgpt-api/results/separates/SDG_11/d_11_471.txt	0.021702246092850996	7.339115684475481E-5	4.807262788472648E-4	7.078679824275972E-5	9.364363870107407E-5	0.6164476740914873	1.0018955893042604E-4	2.2236804570609534E-4	3.015444179905076E-4	2.5811940850757105E-4	9.30483596154336E-4	0.0020604632927381065	0.33640884682336697	8.967976637335465E-5	0.020151968379440038	5.491353169268443E-5	2.8336766981740757E-4	2.695874523082174E-4
58	file:/Users/mlafleur/Projects/SDG_LLM/LLMs/chatgpt-api/results/separates/SDG_11/d_11_317.txt	6.58759849820637E-5	1.9280377906217379E-4	6.242089384592266E-4	5.057683184132494E-5	6.690793601585792E-5	0.7310068622662684	7.158496499449978E-5	1.8514769371660977E-5	0.0030227749643140112	0.004676141744977854	2.437276832754486E-4	6.852980339666092E-5	0.224080053742499	6.407576802498467E-5	0.023241553050901285	3.923545812468278E-5	0.012414319501904213	5.2252811586431564E-5
59	file:/Users/mlafleur/Projects/SDG_LLM/LLMs/chatgpt-api/results/separates/SDG_11/d_11_303.txt	0.002838289313715084	6.854350073393485E-5	8.201586496085848E-5	6.61111660573622E-5	4.5441558751376426E-4	0.6181134470363722	4.605291345313422E-4	2.4201456435306388E-5	8.320627023478191E-4	5.7591358812860423E-5	3.185870042700812E-4	6.400142647265949E-4	0.3455631138970343	0.0033863721646866414	0.02560959470748073	5.1286365574566865E-5	0.0011820438988627909	2.5178057588376283E-4
60	file:/Users/mlafleur/Projects/SDG_LLM/LLMs/chatgpt-api/results/separates/SDG_11/d_11_465.txt	8.8902234328451E-4	4.7214467355045215E-4	4.8675062739840904E-4	2.7059077973644465E-4	9.481715873514722E-5	0.6404840368517718	4.992789069020256E-4	2.251547097037087E-4	3.053233016454283E-4	0.0010570216921796007	5.443104015152051E-4	9.711555360502496E-5	0.3181470338180795	0.001881055694120923	0.02199584328690303	5.560169514379493E-5	0.011824098850925932	6.707996547989927E-4
61	file:/Users/mlafleur/Projects/SDG_LLM/LLMs/chatgpt-api/results/separates/SDG_11/d_11_449.txt	6.579286915914912E-5	5.2371473082535186E-5	6.266519244197147E-5	5.051301898144818E-5	6.682351817887243E-5	0.6977008804432246	7.149464614347312E-5	1.5868045444149498E-4	9.161254471837261E-4	1.8419240458805066E-4	2.4342017171462692E-4	6.844333924731972E-5	0.2787514373342101	4.8456205907951744E-4	0.008912946542324707	3.9185954691977354E-5	0.0121182782471656	5.218688414055293E-5
62	file:/Users/mlafleur/Projects/SDG_LLM/LLMs/chatgpt-api/results/separates/SDG_11/d_11_461.txt	9.631678098958864E-4	8.05084885844605E-5	0.0022514005130285153	2.931583561037286E-4	7.492453920353648E-4	0.6706263947439309	0.003773521207474339	2.8426074803391937E-5	1.1528081777606882E-4	6.76445352790864E-5	0.003175788004283131	5.362286838745537E-4	0.2625727677795348	5.29390319317552E-4	0.04171738515313251	6.023893926028036E-5	0.012379228454008425	8.022472767697225E-5
63	file:/Users/mlafleur/Projects/SDG_LLM/LLMs/chatgpt-api/results/separates/SDG_11/d_11_307.txt	0.0028089252268119064	2.0890197720940449E-4	2.2006926293559247E-4	5.479975664394647E-5	6.808386326514452E-4	0.6136455196310734	2.2964801953929083E-4	2.006066451668903E-5	2.334412790722664E-4	4.7737661214455293E-5	1.11991734531529E-4	0.01315365206624248	0.3486415632132957	8.298560426948167E-4	2.3999984602619004E-4	4.2511432186813776E-5	0.018773867880631078	5.66156727230747E-5
64	file:/Users/mlafleur/Projects/SDG_LLM/LLMs/chatgpt-api/results/separates/SDG_11/d_11_313.txt	0.002528984390259263	2.109229185298043E-4	0.0011435423271291202	5.5329895678669875E-5	7.319574961608663E-5	0.6946715389687208	7.831231220122919E-5	2.0254733650825644E-5	0.02296218715218552	4.81994807404181E-5	7.273045480793292E-4	7.497003538523094E-5	0.2681720489451703	2.2365477091387792E-4	0.006998844953100219	4.292269258292571E-5	6.793456834178366E-5	0.0018998515577146457
65	file:/Users/mlafleur/Projects/SDG_LLM/LLMs/chatgpt-api/results/separates/SDG_11/d_11_475.txt	0.005048369696773937	6.865687437830112E-5	8.215152242519717E-5	6.622051652456871E-5	8.760291859449212E-5	0.6829082353163046	9.372657765913484E-5	2.4241486595506293E-5	2.820925315190999E-4	5.768661718400729E-5	0.03358368221937258	0.0017437657439631489	0.26747593077532905	8.389474589145744E-5	0.003965660864163497	5.137119523907523E-5	0.004124513367229858	2.5219703085269395E-4
66	file:/Users/mlafleur/Projects/SDG_LLM/LLMs/chatgpt-api/results/separates/SDG_11/d_11_139.txt	0.0024788003495169885	6.399916077057808E-5	2.4789260646014143E-4	2.3304236725097668E-4	8.165989672365124E-5	0.6576510863267079	2.586824046785006E-4	2.259693311109935E-5	0.005059755105618655	5.3773130817573186E-5	0.009377122000968678	8.363935582375622E-5	0.30397949743302477	0.001448717533811804	0.018772285328465546	4.78861499719161E-5	7.579032749651177E-5	6.377358878111398E-5
67	file:/Users/mlafleur/Projects/SDG_LLM/LLMs/chatgpt-api/results/separates/SDG_11/d_11_7.txt	7.348869468378642E-5	5.84973910499747E-5	3.8316923088176427E-4	3.695956114819996E-4	0.001640510193540772	0.6272653033665071	7.985741143548257E-5	3.338284177101394E-4	0.03187092990647326	5.189115431310095E-4	1.1530612415437796E-4	7.644919161251765E-5	0.3367242341642424	2.2806747187446491E-4	9.051559969478626E-5	4.3769555835686763E-5	6.92749150455626E-5	5.8291210645126824E-5
68	file:/Users/mlafleur/Projects/SDG_LLM/LLMs/chatgpt-api/results/separates/SDG_11/d_11_105.txt	7.026852831938488E-4	2.782084073523092E-4	9.05376841679554E-5	2.755233421049525E-4	9.654556777229682E-5	0.6687678528984808	0.0039516099524020114	2.6716097186684678E-5	0.005577005099638308	6.712041423055962E-4	5.54232561486496E-4	3.0142878673859074E-4	0.30288202824245253	9.245885873615833E-5	0.0025475956670660983	5.6615250850898694E-5	0.011634552880090139	0.0014931992779743408
69	file:/Users/mlafleur/Projects/SDG_LLM/LLMs/chatgpt-api/results/separates/SDG_11/d_11_111.txt	0.029858959282719474	6.86568743783011E-5	8.215152242519716E-5	6.622051652456871E-5	4.5516720875664833E-4	0.6060872986724138	9.372657765913482E-5	2.424148659550629E-5	0.002671260417573115	5.768661718400727E-5	1.353318146163604E-4	8.972643823344605E-5	0.34539956028970603	2.676768909725355E-4	1.062358174608578E-4	2.3515334032015326E-4	0.01423253134668915	6.84148857716158E-5
70	file:/Users/mlafleur/Projects/SDG_LLM/LLMs/chatgpt-api/results/separates/SDG_11/d_11_529.txt	0.0014441040770864176	5.697188995931394E-5	6.81698305956913E-5	5.4950185464298054E-5	7.269343213587231E-5	0.73230022812174	7.77748814960174E-5	2.011573231778022E-5	0.005114195257459755	3.528757770843271E-4	0.025122879140955706	7.445554158656355E-5	0.2056352680647558	9.846375868333057E-4	0.00268071524448928	4.262812877429808E-5	0.025840566020916767	5.6771086348658464E-5
71	file:/Users/mlafleur/Projects/SDG_LLM/LLMs/chatgpt-api/results/separates/SDG_11/d_11_15.txt	0.01005965231348057	7.028441906223143E-5	6.485153356458046E-4	6.779030615761884E-5	8.967958849457583E-5	0.7211091464992235	9.594841188321537E-5	2.4816142855295973E-5	0.02681634912479116	5.905410657209728E-5	0.013872671623505695	0.0023495189325011654	0.21248333245049533	8.588351174952687E-5	1.08754189313889E-4	5.2588974470588395E-5	0.011747838585358703	2.581754844392301E-4
72	file:/Users/mlafleur/Projects/SDG_LLM/LLMs/chatgpt-api/results/separates/SDG_11/d_11_515.txt	2.704813113864069E-4	2.5285725529838166E-4	0.008366186051642176	6.633022933104032E-5	2.718346889357306E-4	0.7639332619236685	9.38818619488934E-5	2.083682810034314E-4	9.847326508904263E-5	5.778219119942232E-5	0.03290297645538096	8.987509517346917E-5	0.19078678082084866	0.0017408134254507978	6.586717216212262E-4	5.145630599171318E-5	8.144088186583886E-5	6.85282341644761E-5
73	file:/Users/mlafleur/Projects/SDG_LLM/LLMs/chatgpt-api/results/separates/SDG_11/d_11_273.txt	9.302168673522523E-5	7.404575640502243E-5	8.859960015483022E-5	7.141816868294068E-5	9.447887672362288E-5	0.6554429906208258	1.0108318214116236E-4	2.2435141851550192E-4	0.005655828829056723	6.221444309132092E-5	0.016002531315749056	2.949762877814708E-4	0.28886654642928616	0.010397254893814113	0.0015020247865762059	0.002235682701954537	0.018322751795927433	4.701992065787559E-4
74	file:/Users/mlafleur/Projects/SDG_LLM/LLMs/chatgpt-api/results/separates/SDG_11/d_11_267.txt	0.0026508008152416455	7.352114920157394E-5	8.79718803404814E-5	2.6771511448980964E-4	9.380950278905434E-5	0.656506523991491	6.907758277224015E-4	2.5958973067079408E-5	0.003057319636620152	6.177365962730016E-5	1.4491994609754303E-4	0.0010800981557875897	0.3122075330278702	8.983860954589819E-5	0.01605480040569475	5.5010795991448566E-5	0.006778366492491691	7.326201593024031E-5
75	file:/Users/mlafleur/Projects/SDG_LLM/LLMs/chatgpt-api/results/separates/SDG_11/d_11_501.txt	2.6870060060130526E-4	4.34067271555009E-4	2.6462058894063576E-4	2.4876824424365765E-4	8.717036894490263E-5	0.6872170334550053	9.32637917271804E-5	2.412179142209601E-5	0.0017436972607480135	5.74017827692494E-5	0.009095523861668977	8.928340345744225E-5	0.2785907166541701	8.348050577800042E-5	0.02095342698125357	5.111754395831696E-5	2.637794159610914E-4	4.3382647779535266E-4
76	file:/Users/mlafleur/Projects/SDG_LLM/LLMs/chatgpt-api/results/separates/SDG_11/d_11_29.txt	8.568487498033436E-5	0.0017113734642017144	8.161156746364883E-5	6.578527082980642E-5	6.347497496965257E-4	0.7395820627123105	9.311054366314801E-5	2.0665636070305672E-4	0.0013756836626047737	0.0035262173652339164	3.170165285026014E-4	0.0015497303393041074	0.22646444520800002	4.484917441610628E-4	0.003026724851271579	9.639045764189867E-4	0.018703340730846996	0.0011634104498073718
77	file:/Users/mlafleur/Projects/SDG_LLM/LLMs/chatgpt-api/results/separates/SDG_11/d_11_298.txt	2.3336449082865066E-4	5.9333569109887637E-5	0.012300545973991136	5.72280580682062E-5	7.570682283050325E-5	0.7288267752980252	8.099891559772367E-5	2.0949598030280718E-5	0.008979178642267828	2.0867835338368623E-4	0.008375871408534345	7.754197772788228E-5	0.2348068439440957	0.0010254541730718189	5.682854395798857E-4	4.4395210102056844E-5	0.004040898355050457	2.1794976970486804E-4
78	file:/Users/mlafleur/Projects/SDG_LLM/LLMs/chatgpt-api/results/separates/SDG_11/d_11_299.txt	8.814716496690101E-5	7.016561120323008E-5	8.395680453611781E-5	6.767571431431853E-5	2.773487583967564E-4	0.7144433909377269	9.578622194777134E-5	2.4774193973301248E-5	1.0047076005880113E-4	5.8954282285851756E-5	0.0016408718400125805	6.551604686437419E-4	0.2789883450795889	8.573833538909563E-5	0.0010476741681648995	5.2500078758746556E-5	0.0021491212751422457	6.991830488982677E-5
79	file:/Users/mlafleur/Projects/SDG_LLM/LLMs/chatgpt-api/results/separates/SDG_11/d_11_266.txt	0.023990310233589336	5.0217260675863576E-5	6.0087565213265984E-5	4.843525095653917E-5	6.407484521923446E-5	0.6917195491227283	2.0297643893435946E-4	1.5215340099933867E-4	0.010960137524062732	4.2193355273883453E-5	2.3340749261516018E-4	6.562803767410926E-5	0.24080421295084029	6.136260005885373E-5	0.020509939308039366	5.752645253460217E-4	0.010410009823283982	5.004026448935577E-5
80	file:/Users/mlafleur/Projects/SDG_LLM/LLMs/chatgpt-api/results/separates/SDG_11/d_11_28.txt	0.031898975258737076	6.530818302530229E-5	7.814463898822132E-5	5.874455527089452E-4	8.333014709635428E-5	0.7286177315224688	8.91551289441244E-5	2.3059124926973003E-5	9.351536563411782E-5	5.487299250480268E-5	3.0354939799642186E-4	2.6016839216527824E-4	0.1934183918427079	7.980283794090345E-5	0.042232264207934245	4.88656008780148E-5	0.001126250314971933	9.391694903707311E-4
81	file:/Users/mlafleur/Projects/SDG_LLM/LLMs/chatgpt-api/results/separates/SDG_11/d_11_500.txt	6.472331565563055E-4	2.562537027283423E-4	4.5651160584363773E-4	6.722119501313736E-5	2.7548604641614157E-4	0.7493822299559721	9.514290865431605E-5	0.033232169136728676	4.729146513951453E-4	0.011065559002741265	5.10495521703181E-4	0.0012104383217722702	0.19894626075392416	8.51625050682734E-5	0.002533112512467993	4.252661477146783E-4	2.690941512552814E-4	6.944872404534987E-5
82	file:/Users/mlafleur/Projects/SDG_LLM/LLMs/chatgpt-api/results/separates/SDG_11/d_11_514.txt	6.998368124016984E-4	5.84973910499747E-5	6.99951720228083E-5	5.642155262304357E-5	0.001483923164111294	0.7146408657881557	7.985741143548257E-5	0.012077855624920994	8.37629322892196E-5	4.915045484257546E-5	0.0010548283007312457	7.644919161251765E-5	0.2036252591491861	0.0013241766778808114	0.029372290103007175	3.5694361469464276E-4	0.0346750084189602	2.1487824007460486E-4
83	file:/Users/mlafleur/Projects/SDG_LLM/LLMs/chatgpt-api/results/separates/SDG_11/d_11_272.txt	7.264551195093035E-4	6.0722340484426744E-5	7.265743978571543E-5	3.836531879308417E-4	7.747882930140312E-5	0.7356456181932061	4.079804301002937E-4	2.143994780173423E-5	7.371201379468268E-4	0.0011888196348745945	0.001420034356601812	2.418997583537927E-4	0.25574433985782047	7.419920249800334E-5	0.0025321006655528214	4.5434331764234275E-5	5.595382484639147E-4	6.0508318003771256E-5
