#doc name topic proportion ...
0	file:/Users/mlafleur/Projects/SDG_LLM/LLMs/chatgpt-api/results/separates/SDG_12/d_12_215.txt	8.997221926190335E-5	7.161836410953175E-5	8.56950989755459E-5	6.907691483078524E-5	0.0010499292502016016	0.6738316239410626	9.776944007887595E-5	2.5287134453385573E-5	2.9426049201709055E-4	6.0174908793068127E-5	0.3231717142218057	2.853062782755025E-4	2.677641376499259E-4	8.75135157628147E-5	3.025277836737267E-4	5.3587073380327294E-5	8.481328825676111E-5	7.136593741080888E-5
1	file:/Users/mlafleur/Projects/SDG_LLM/LLMs/chatgpt-api/results/separates/SDG_12/d_12_201.txt	0.014338363551893425	7.391390398267385E-5	8.8441831871181E-5	0.010161858813200881	9.431063928016102E-5	0.6657513985799647	2.9875745542907013E-4	2.6097647596725107E-5	1.0583797368404631E-4	6.210365855180204E-5	0.30622625126467984	0.0010858681106828772	7.849234778298139E-5	9.031853326593934E-5	7.079330646377633E-4	6.488674800817007E-4	8.753175700966269E-5	7.365338640447937E-5
2	file:/Users/mlafleur/Projects/SDG_LLM/LLMs/chatgpt-api/results/separates/SDG_12/d_12_229.txt	2.4273264935441335E-4	6.171544940087352E-5	7.384574627590901E-5	5.9525414954855053E-5	2.43947183979524E-4	0.697455878956501	7.450553062075796E-4	2.1790596395978E-5	5.839744828097428E-4	5.185431955889247E-5	0.28426770432541343	5.762583986466304E-4	7.263430642052229E-4	7.54127243913649E-5	2.606962384273364E-4	4.617740654738487E-5	0.014445589810329998	6.149792660003663E-5
3	file:/Users/mlafleur/Projects/SDG_LLM/LLMs/chatgpt-api/results/separates/SDG_12/d_12_42.txt	0.0012115734935400579	8.275562283022926E-5	9.902140850876533E-5	7.981895678697188E-5	9.916801228078062E-4	0.6293123098689485	3.344953786367809E-4	2.507414641095686E-4	1.1849850920289353E-4	6.953261384617167E-5	0.34618043524928427	7.727177417341703E-4	0.0011954915851271417	1.0112260441942907E-4	0.007881320289989401	6.192031455027293E-5	0.011174100834023162	8.246394165415768E-5
4	file:/Users/mlafleur/Projects/SDG_LLM/LLMs/chatgpt-api/results/separates/SDG_12/d_12_56.txt	6.55495432712842E-4	5.479101981972623E-5	6.556030600254427E-5	5.284670568278691E-5	2.1657648323305116E-4	0.6830014208551578	3.681291540041772E-4	3.126771830818599E-4	6.651186987451839E-4	4.603630174083251E-5	0.3081060503023083	6.582683537437947E-4	2.0485067420070277E-4	3.60282946408434E-4	0.0034580925430102295	4.099633433643131E-5	0.0016782088028885203	5.459790292261866E-5
5	file:/Users/mlafleur/Projects/SDG_LLM/LLMs/chatgpt-api/results/separates/SDG_12/d_12_188.txt	0.010246209380432358	6.227096020015296E-5	2.4119864143418854E-4	6.006121289783404E-5	2.4614299226529356E-4	0.712234890854561	8.500887988214521E-5	2.1986737098803932E-5	8.91663393735635E-5	2.1900926630795747E-4	0.2524886754715146	0.002748391962819302	3.9950460111281075E-4	0.007076995825102097	0.006263817920686297	3.7996945206257105E-4	0.007074648022807931	6.205147944120141E-5
6	file:/Users/mlafleur/Projects/SDG_LLM/LLMs/chatgpt-api/results/separates/SDG_12/d_12_163.txt	4.783432230143357E-4	7.236753557562842E-5	8.659152161427891E-5	6.979950119813185E-5	4.797673863080295E-4	0.7343456287496072	2.9250708756116417E-4	0.0023501306922653095	1.0362371506757437E-4	2.5451929470800836E-4	0.23899314228489676	0.0033877294735090223	7.685019278552818E-5	2.8214388006499153E-4	0.017740035200547725	4.415774664692355E-4	8.570048662128423E-5	4.59542308185704E-4
7	file:/Users/mlafleur/Projects/SDG_LLM/LLMs/chatgpt-api/results/separates/SDG_12/d_12_81.txt	2.3138004420977893E-4	0.001161152166320149	2.278667164527529E-4	5.6741411509705425E-5	7.506303958799687E-5	0.6078300157460984	8.031013032615377E-5	2.077145028025118E-5	8.423779193096968E-5	4.942909321805414E-5	0.38892108167255335	7.688258899664762E-5	6.247305981551281E-5	7.188567154052954E-5	9.102874081901827E-5	2.0149242487465664E-4	6.995665826739605E-4	5.862166879227655E-5
8	file:/Users/mlafleur/Projects/SDG_LLM/LLMs/chatgpt-api/results/separates/SDG_12/d_12_177.txt	8.596739269178378E-5	2.5160668476700127E-4	9.977615741079452E-4	9.818830954629056E-4	8.73140767646676E-5	0.6898153790690046	2.76593728941438E-4	2.416155826140222E-5	9.798624025242544E-5	4.238487822550923E-4	0.27270104719371646	8.943059479559266E-5	0.0011717263898381658	2.6679431440738554E-4	0.0045021139525340025	5.120181560799453E-5	0.028106994226418255	6.8189310173102E-5
9	file:/Users/mlafleur/Projects/SDG_LLM/LLMs/chatgpt-api/results/separates/SDG_12/d_12_95.txt	8.230389704380029E-5	6.551433892008241E-5	2.5376145624207106E-4	6.318949708005722E-5	9.604438972470332E-4	0.619206952003456	8.943656159973194E-5	2.3131914802788794E-5	2.6918070308495234E-4	5.504620802458996E-5	0.3731414273657571	6.117299379812172E-4	5.956829120456605E-4	8.005474856985674E-5	4.521135153946947E-4	4.9019853089702774E-5	0.003935727763140179	6.52834265207526E-5
10	file:/Users/mlafleur/Projects/SDG_LLM/LLMs/chatgpt-api/results/separates/SDG_12/d_12_361.txt	0.0036629334384662413	7.028441906223143E-5	6.485153356458045E-4	2.5592909659921675E-4	8.967958849457583E-5	0.7133954560911181	9.594841188321537E-5	0.007550367760519213	1.0064088208425104E-4	0.0026929971727544678	0.23851038741077366	2.799922376435881E-4	4.509156228143955E-4	2.7402230219112484E-4	0.020615882347448065	5.2588974470588395E-5	0.011183422214033907	7.003669399763207E-5
11	file:/Users/mlafleur/Projects/SDG_LLM/LLMs/chatgpt-api/results/separates/SDG_12/d_12_407.txt	0.0014576570368699444	2.3640693836318236E-4	7.693418370902962E-5	2.341253104983956E-4	9.425912424646822E-4	0.7421153851136724	8.777412190519371E-5	2.270194061000914E-5	2.6417719358271007E-4	5.402301348740013E-5	0.2419418136078478	0.0024935732729559072	5.846104054484726E-4	0.0011112289458591832	0.0028532549120335446	0.0019413227983726172	0.0026577981451149685	9.246218172047395E-4
12	file:/Users/mlafleur/Projects/SDG_LLM/LLMs/chatgpt-api/results/separates/SDG_12/d_12_413.txt	2.630718264081611E-4	6.688674158449407E-5	8.003346643702689E-5	0.0022130390015974266	4.434319468446904E-4	0.6228678991329968	9.131009001287852E-5	2.361648508208317E-5	9.577571761451963E-5	5.6199322957961415E-5	0.3600099146393297	8.03588351065146E-4	7.102990235438228E-5	0.0040206957176219605	0.0011777597141877814	5.004672717709059E-5	0.005450524421790776	0.002215176794937092
13	file:/Users/mlafleur/Projects/SDG_LLM/LLMs/chatgpt-api/results/separates/SDG_12/d_12_375.txt	2.71832410632941E-4	2.541203194463748E-4	8.269866982689818E-5	6.666155988549618E-5	8.818637350653038E-5	0.621964370016687	9.435081750183791E-5	2.440294028513424E-5	2.839713304884127E-4	0.0011681078730116498	0.3529430089219902	9.032403625833985E-5	7.339527705280401E-5	2.694596785711998E-4	0.021937672024245305	5.171333881922529E-5	8.184769264903866E-5	2.5387671914177466E-4
14	file:/Users/mlafleur/Projects/SDG_LLM/LLMs/chatgpt-api/results/separates/SDG_12/d_12_349.txt	0.004909476437212406	6.0193998957497104E-5	7.202525165902377E-5	5.8057954702123784E-5	3.990617798651749E-4	0.6411074948410966	4.044306162809156E-4	1.8238194473112467E-4	2.4732086483600553E-4	5.057597226903635E-5	0.34622276429129567	0.0013676948153424446	6.392259163753295E-5	2.346821442433624E-4	0.0036379688186271644	2.061675549645597E-4	3.9354119428740546E-4	3.8223892799206836E-4
15	file:/Users/mlafleur/Projects/SDG_LLM/LLMs/chatgpt-api/results/separates/SDG_12/d_12_348.txt	5.826644686369408E-4	5.665854931089994E-4	4.109695085164259E-4	0.07160635039020449	8.005528689830046E-5	0.6284373469270775	8.565134797882904E-5	0.03814634211408887	0.0010975280486251787	3.8861243366725156E-4	0.24885461568193298	8.199584980029174E-5	2.345759504360717E-4	7.666660037537734E-5	0.0034560422269967117	4.69451913150225E-5	0.0054486360968341065	3.984163835068523E-4
16	file:/Users/mlafleur/Projects/SDG_LLM/LLMs/chatgpt-api/results/separates/SDG_12/d_12_412.txt	9.335475127192828E-5	7.431087754416132E-5	8.891683139211834E-5	0.05338140254657626	2.9373405673829237E-4	0.6402851199537686	4.992789069020255E-4	2.6237811700563344E-5	3.0532330164542823E-4	6.243720216387386E-5	0.23586300073923616	0.0649440243026304	7.89139110501067E-5	2.8972051009575994E-4	3.1390140456018597E-4	6.523523891532308E-4	8.800186874035312E-5	0.0026599686348304456
17	file:/Users/mlafleur/Projects/SDG_LLM/LLMs/chatgpt-api/results/separates/SDG_12/d_12_374.txt	8.115114651526201E-5	2.3751064561130633E-4	2.502072666676695E-4	6.230446333592795E-5	2.5533628604995466E-4	0.6879997514837456	8.818391078539844E-5	2.280792860076453E-5	2.654105511371248E-4	5.427522939935421E-5	0.30151626034565826	6.031620325155105E-4	6.859805495133089E-5	4.2476130413509987E-4	0.005806112170861382	4.833327974885657E-5	0.0021514648351351425	6.436906514626583E-5
18	file:/Users/mlafleur/Projects/SDG_LLM/LLMs/chatgpt-api/results/separates/SDG_12/d_12_360.txt	0.0016278882109149967	2.135794507511392E-4	6.950540798137932E-5	3.670095096817947E-4	7.411763552907915E-5	0.7457144421970113	2.347900126867757E-4	3.314925829621617E-4	8.317683369049708E-5	2.042979161010134E-4	0.23506196313781313	0.0017863193653999603	0.0017720913213738337	0.0011594198931892154	0.001178321859316335	0.002997799372559908	0.0014682125430797266	0.005655572749957618
19	file:/Users/mlafleur/Projects/SDG_LLM/LLMs/chatgpt-api/results/separates/SDG_12/d_12_406.txt	9.736378271028687E-5	7.75020878492349E-5	3.00194476485729E-4	6.971294365217915E-4	9.888899187792743E-5	0.6667442624567566	1.0580157517106812E-4	2.7364569691432965E-5	1.1097592593903243E-4	6.511850871750601E-5	0.32731591887724193	0.002798255636155433	2.8976199019683054E-4	5.096214791219258E-4	1.199224073647732E-4	5.798945731787221E-5	9.178102570459505E-5	4.921473151759919E-4
20	file:/Users/mlafleur/Projects/SDG_LLM/LLMs/chatgpt-api/results/separates/SDG_12/d_12_94.txt	7.978534301019121E-5	6.350955654071834E-5	7.599248881650377E-5	6.125585640848594E-5	8.103518492486482E-5	0.5482376755348826	8.669974328298494E-5	2.2424062812491652E-5	9.093989644245604E-5	5.3361757418545925E-5	0.44723491138399213	8.299950083345641E-5	6.744352457293449E-5	7.760501997665447E-5	0.003498345104035418	4.751981295599813E-5	7.521051887905556E-5	6.32857102145106E-5
21	file:/Users/mlafleur/Projects/SDG_LLM/LLMs/chatgpt-api/results/separates/SDG_12/d_12_176.txt	6.744097209885458E-4	2.670134964636485E-4	8.689451135383391E-5	7.004373449366506E-5	9.266064194208162E-5	0.6649898405450785	0.0012654942994574248	2.5641060202202074E-5	0.0024366992039784384	6.1017133509902334E-5	0.2956201127791888	8.724777296805161E-4	7.711909693991595E-5	0.0012550948303794982	0.006721722527908714	0.0018038717696840468	0.023413129382019338	2.667575367308236E-4
22	file:/Users/mlafleur/Projects/SDG_LLM/LLMs/chatgpt-api/results/separates/SDG_12/d_12_80.txt	8.064911380798222E-5	6.419712268069875E-5	7.681519747720065E-5	0.016558961192014957	8.191248674109881E-5	0.6478280805875022	8.763837064984673E-5	2.266682984080145E-5	9.19244284872841E-5	5.3939461618815655E-5	0.31683538184809307	5.99430636458707E-4	0.0010992388161017936	2.502893754508419E-4	9.933504646658469E-5	2.1987846044561717E-4	0.003856596925389907	0.012093064100772826
23	file:/Users/mlafleur/Projects/SDG_LLM/LLMs/chatgpt-api/results/separates/SDG_12/d_12_162.txt	0.012412257029672875	6.1441394224074E-5	7.35178249977201E-5	5.9261084900097526E-5	5.71799102330946E-4	0.7030755215421959	8.387640217201927E-5	0.002159772608813941	0.025087053399262198	5.162405396328408E-5	0.25373014553270623	8.029665658018264E-5	8.875852451022667E-4	2.395454429267742E-4	9.507098597824115E-5	4.5972349994474015E-5	0.0012240345068185272	6.122483736045736E-5
24	file:/Users/mlafleur/Projects/SDG_LLM/LLMs/chatgpt-api/results/separates/SDG_12/d_12_189.txt	0.005503521762532298	7.484685650694062E-5	0.0010913162461350235	7.219084094653085E-5	9.550104249580315E-5	0.6030297896166563	1.0217679981011509E-4	2.6427056069162127E-5	3.075254942710101E-4	6.288754036415614E-5	0.37961349683577134	2.98167632507732E-4	7.948309012040308E-5	0.001093216635539874	0.004723901055428491	0.003061276995248612	6.896914489596174E-4	7.458305063629916E-5
25	file:/Users/mlafleur/Projects/SDG_LLM/LLMs/chatgpt-api/results/separates/SDG_12/d_12_57.txt	2.6307182640816117E-4	6.688674158449407E-5	8.003346643702689E-5	6.451319866332877E-5	8.534431302234088E-5	0.6327153090631114	9.86529174568752E-4	2.361648508208317E-5	9.577571761451963E-5	2.3524313986913615E-4	0.36108417754079675	0.0011616759848874954	7.102990235438228E-5	8.173174557611667E-5	0.0013568035310989556	5.004672717709059E-5	0.0015115604497449307	6.665099200299453E-5
26	file:/Users/mlafleur/Projects/SDG_LLM/LLMs/chatgpt-api/results/separates/SDG_12/d_12_43.txt	9.21993309624088E-5	4.6630109797000203E-4	8.781633772201774E-5	0.012840359884813288	0.0014688284326394387	0.6942438424342862	2.966445294930496E-4	2.591307514347185E-5	0.002266094123616743	4.545743790701946E-4	0.25376803071025084	2.923685576744957E-4	7.79372201555499E-5	0.001464864560311719	5.064713231776859E-4	2.513685022553079E-4	0.02680478869577158	0.004591596804685936
27	file:/Users/mlafleur/Projects/SDG_LLM/LLMs/chatgpt-api/results/separates/SDG_12/d_12_228.txt	2.163549788216976E-4	3.495065330494831E-4	6.582095533538603E-5	2.003056490919731E-4	2.1743753040177115E-4	0.6533220976079603	7.509505240706678E-5	1.942262004844823E-5	2.260165042525088E-4	4.621932912534143E-5	0.3069750118436479	0.00419485759811938	5.841626307693771E-5	6.72176504972656E-5	0.026737157630488232	7.774035231011563E-4	0.0022738762480630824	0.004177782482512179
28	file:/Users/mlafleur/Projects/SDG_LLM/LLMs/chatgpt-api/results/separates/SDG_12/d_12_200.txt	2.5605746403462975E-4	6.510332049427641E-5	7.789951031080844E-5	9.341426558235596E-4	4.316085889213553E-4	0.6454709186597642	9.602250536867625E-4	2.2986791714242962E-5	2.674919395155864E-4	5.470086369017707E-5	0.33472657052757093	8.508236237110335E-5	6.913601093593304E-5	7.95525077279608E-5	0.014739410388137815	4.8712316401058955E-5	0.0014712572637718387	2.391437751278844E-4
29	file:/Users/mlafleur/Projects/SDG_LLM/LLMs/chatgpt-api/results/separates/SDG_12/d_12_214.txt	2.3674864209906015E-4	6.0193998957497104E-5	7.202525165902377E-5	5.8057954702123784E-5	7.680469054701301E-5	0.6527087500565505	8.217352696275391E-5	0.0030826957485945794	8.619232017692462E-5	5.057597226903635E-5	0.3251149249409561	7.866645806979753E-5	6.392259163753295E-5	7.355359958428148E-5	7.376550147637077E-4	8.506817336008834E-4	0.016506395660195492	5.998183867390656E-5
30	file:/Users/mlafleur/Projects/SDG_LLM/LLMs/chatgpt-api/results/separates/SDG_12/d_12_202.txt	0.0013676548908112451	7.89766874561114E-5	9.449971571483399E-5	2.875805554449378E-4	3.121769458374337E-4	0.6375716508463359	3.19221051943565E-4	2.7885223841909894E-5	3.244938529058405E-4	6.635749117617234E-5	0.3580667675356679	1.0321321692955726E-4	8.386873490008106E-5	3.079113977877631E-4	5.450169899991979E-4	5.909279831599166E-5	3.049337393832811E-4	7.86983255479823E-5
31	file:/Users/mlafleur/Projects/SDG_LLM/LLMs/chatgpt-api/results/separates/SDG_12/d_12_216.txt	7.662009791433374E-5	3.8750862301365066E-4	7.297771387823324E-5	2.2208502251514872E-4	4.0433897445592016E-4	0.6424020933413664	8.326019001561958E-5	2.1534455120545367E-5	8.733212776750653E-5	5.124478913085161E-5	0.30263971931675976	0.0013857812171114983	0.0016973609961004248	2.3778558186789261E-4	0.025399565454635887	4.563460635989658E-5	0.024724382453235487	6.077503875109721E-5
32	file:/Users/mlafleur/Projects/SDG_LLM/LLMs/chatgpt-api/results/separates/SDG_12/d_12_55.txt	6.292714965143836E-4	6.776024945064183E-5	8.107866404766997E-5	6.535570922921698E-5	8.64588676708405E-5	0.6623813398590455	2.738845956487181E-4	2.392490473299263E-5	9.702650126372079E-5	5.6933258406348353E-5	0.32879782252477535	2.6993669607163384E-4	7.195751785737223E-5	8.279912187496863E-5	0.004095253329453879	5.0700312758156984E-5	0.002619592929221679	2.4890346197715464E-4
33	file:/Users/mlafleur/Projects/SDG_LLM/LLMs/chatgpt-api/results/separates/SDG_12/d_12_41.txt	0.0011346597623315337	7.75020878492349E-5	9.273528056147971E-5	7.475184874904337E-5	9.888899187792743E-5	0.6111451979490576	3.1326077109531753E-4	2.7364569691432965E-5	0.001355731101484528	6.511850871750601E-5	0.3505513488207579	0.0295604919103836	8.230279427258114E-5	9.470308727342714E-5	0.0038541879340012624	5.798945731787221E-5	7.141586134773431E-4	6.996065111002413E-4
34	file:/Users/mlafleur/Projects/SDG_LLM/LLMs/chatgpt-api/results/separates/SDG_12/d_12_69.txt	0.0043637659998428556	6.946111427086769E-5	2.690487884045356E-4	2.529311682633083E-4	8.862909059076961E-5	0.5914325565646508	2.8075943270019653E-4	0.001140135155610544	9.946198466242456E-5	5.836235255976826E-5	0.3714490144311349	0.024820125981644448	7.376373922855434E-5	8.487748071639102E-5	6.65285106716269E-4	5.197295238159304E-5	0.0015697381968356647	0.00323011045978629
35	file:/Users/mlafleur/Projects/SDG_LLM/LLMs/chatgpt-api/results/separates/SDG_12/d_12_174.txt	3.1062271715688166E-4	7.89766874561114E-5	7.287190199074515E-4	7.617412071406527E-5	9.463962500300515E-4	0.6373602444116051	1.0781461721269245E-4	6.621045280345274E-4	7.473067223675856E-4	9.119832300996623E-4	0.30436953311402626	0.0030629033031617722	8.386873490008106E-5	9.65049630568905E-5	0.02675941489662739	5.909279831599166E-5	0.023136828690317506	5.015111950097274E-4
36	file:/Users/mlafleur/Projects/SDG_LLM/LLMs/chatgpt-api/results/separates/SDG_12/d_12_96.txt	0.0013706112588432577	6.045701543209424E-5	7.233996455568153E-5	5.8311637774066806E-5	7.714028710630562E-5	0.6083056308432527	8.253258254539125E-5	2.1346266378601996E-5	2.48401528408622E-4	2.1262955558085803E-4	0.36764098662693273	0.014320278339483673	0.0023298581966980573	7.387499056663251E-5	7.408781835980138E-4	4.5235807360252685E-5	0.0034700800243024368	8.694068911808097E-4
37	file:/Users/mlafleur/Projects/SDG_LLM/LLMs/chatgpt-api/results/separates/SDG_12/d_12_160.txt	4.894361192153287E-4	7.404575640502243E-5	2.86806816394882E-4	2.6962538492299247E-4	9.447887672362288E-5	0.6540555401071454	0.0016867409120615768	2.6144202275450156E-5	5.024412068153775E-4	6.221444309132092E-5	0.27882530005005773	9.6769071541419E-5	7.863236753073328E-5	0.0016761373792518355	0.03420621546618475	6.500249720341219E-4	0.0016733456317630819	0.025246101236585227
38	file:/Users/mlafleur/Projects/SDG_LLM/LLMs/chatgpt-api/results/separates/SDG_12/d_12_82.txt	7.730158893075265E-5	6.15324751095939E-5	2.3833821339534466E-4	5.534831498267286E-4	7.851252269717368E-5	0.6015025570061582	8.400074077273838E-5	2.172599152036224E-5	9.116659229281829E-4	2.164119869767435E-4	0.37731040699602447	5.745499046939832E-4	6.53439769245858E-5	7.51891403466414E-5	0.01607221824123646	4.604049952785956E-5	0.0010611376134340405	0.0010495840294963638
39	file:/Users/mlafleur/Projects/SDG_LLM/LLMs/chatgpt-api/results/separates/SDG_12/d_12_148.txt	9.048828178836661E-4	6.180734522635857E-5	2.3940288782017116E-4	0.02768929367885269	7.886324394222067E-5	0.6139508972316816	8.437597829379366E-5	2.18230431311644E-5	4.193968518022982E-4	0.009813315352973867	0.32754180644714015	8.077491138423954E-5	2.3108305670953657E-4	2.4097219920466814E-4	0.0043972640067454485	0.011958443371199176	0.002224008077480479	6.158949852870915E-5
40	file:/Users/mlafleur/Projects/SDG_LLM/LLMs/chatgpt-api/results/separates/SDG_12/d_12_389.txt	0.0018869850121469895	2.7371779940758427E-4	8.907630042441253E-5	7.180242617625598E-5	9.498720978523128E-5	0.6442232785916023	1.0162704893167522E-4	2.2555851630714677E-4	1.0659723957236577E-4	0.0050443903826275695	0.3415024984437537	0.0014922052632063113	7.905544021655004E-5	9.09664649959684E-5	0.004100663688325671	5.5701414717464784E-5	8.815969682113815E-5	4.727290609815047E-4
41	file:/Users/mlafleur/Projects/SDG_LLM/LLMs/chatgpt-api/results/separates/SDG_12/d_12_376.txt	8.471051976257342E-5	6.743002337870004E-5	8.068353137085991E-5	6.503720155971004E-5	8.60375148498732E-5	0.6699831437427842	4.53047918117885E-4	2.380830794688852E-5	9.655364762687118E-5	5.6655797115417454E-5	0.32557096057426604	0.001351609682845253	7.160683661488317E-5	2.628936895198993E-4	1.0433745666267848E-4	5.045322740554857E-5	7.985329015936969E-5	0.001511177038013544
42	file:/Users/mlafleur/Projects/SDG_LLM/LLMs/chatgpt-api/results/separates/SDG_12/d_12_410.txt	8.375807491923437E-5	6.667187222777712E-5	7.977636407201738E-5	6.430595416063415E-5	2.6353880006549303E-4	0.5935612725809432	9.101676221968575E-5	2.3540618642228382E-5	0.001166279945247853	5.601878624641221E-5	0.3893715451137328	0.009545970733061652	7.080172336008527E-5	8.146918759856727E-5	8.17038936509792E-4	4.98859552838934E-5	7.895545769831151E-5	0.004528153134010276
43	file:/Users/mlafleur/Projects/SDG_LLM/LLMs/chatgpt-api/results/separates/SDG_12/d_12_404.txt	6.714840903322518E-5	5.3450490017573425E-5	0.002210116993663194	1.9463112600917777E-4	6.82002926618091E-5	0.7127910981681261	7.296766054258689E-5	1.887239040543563E-5	0.006085786193693792	4.4909966902248866E-5	0.264226201654244	3.5600824731052725E-4	5.676136999357528E-5	6.376229404333544E-4	0.007236575310963263	3.999330850961104E-5	0.005786393379527122	5.326209796327264E-5
44	file:/Users/mlafleur/Projects/SDG_LLM/LLMs/chatgpt-api/results/separates/SDG_12/d_12_362.txt	1.0133719254968312E-4	2.965905358143761E-4	9.651980151973564E-5	7.78024669878223E-5	1.0292464540738114E-4	0.5862071830806249	1.1011933078928661E-4	2.8481316056827584E-5	5.473560317700015E-4	6.77759909564085E-5	0.407826520220409	0.0011850475312675372	8.566156612253647E-5	9.856791429964415E-5	0.0024999979523164877	6.035600341821942E-5	3.114521962241735E-4	2.9630622346570886E-4
45	file:/Users/mlafleur/Projects/SDG_LLM/LLMs/chatgpt-api/results/separates/SDG_12/d_12_438.txt	6.385916053500169E-5	5.0832230753491365E-5	4.6902971709187843E-4	0.026854575968936128	6.485951789966603E-5	0.6510696518746651	6.939335742335992E-5	1.7947930947755085E-5	6.1706219895737E-4	4.271006308747052E-5	0.2548209333821808	2.025005004378476E-4	5.3980928078472046E-5	0.006593414989011113	0.058316088259120775	3.803424601135979E-5	6.044726078239644E-4	5.065306703818785E-5
46	file:/Users/mlafleur/Projects/SDG_LLM/LLMs/chatgpt-api/results/separates/SDG_12/d_12_439.txt	0.0011620359071597387	0.0013244619208807413	7.987830430501356E-4	6.472178329546211E-5	8.56202489936657E-5	0.6963715967798123	2.712280175152186E-4	2.3692842105997547E-5	9.608538049343198E-5	5.638102709522646E-5	0.2950727471324526	8.769570815812333E-5	2.508822597785059E-4	4.412414072215739E-4	0.002977794686378818	2.2983124161766932E-4	4.3871142249479E-4	2.4648919149628055E-4
47	file:/Users/mlafleur/Projects/SDG_LLM/LLMs/chatgpt-api/results/separates/SDG_12/d_12_405.txt	8.825426460447953E-4	6.028141646964879E-5	8.789425796026409E-4	5.81422701164271E-5	7.691623115048647E-5	0.5955661383253307	8.229286452822926E-5	2.1284265596701392E-5	4.0904258542352235E-4	0.0011801872415565175	0.36641180134236945	0.030576301833775882	6.401542404654414E-5	2.350229644173246E-4	0.0015455390121247498	4.5104418789694404E-5	8.782003565730119E-4	0.0010282442220839179
48	file:/Users/mlafleur/Projects/SDG_LLM/LLMs/chatgpt-api/results/separates/SDG_12/d_12_363.txt	7.822932783285616E-5	2.2895915778375138E-4	0.0010746396293521811	6.006121289783404E-5	7.945479468169527E-5	0.6745633582006678	8.500887988214521E-5	2.1986737098803932E-5	8.91663393735635E-5	5.232106872435904E-5	0.3221643420614587	8.138080148172716E-5	6.612820594561404E-5	7.609152659096282E-5	9.297955980111455E-4	2.1328125447897254E-4	7.374372429679617E-5	6.205147944120141E-5
49	file:/Users/mlafleur/Projects/SDG_LLM/LLMs/chatgpt-api/results/separates/SDG_12/d_12_377.txt	9.385884424591232E-5	7.471213822720343E-5	8.939696067705566E-5	0.02827079203307018	9.532914835410397E-5	0.6525421080686501	5.01974891686931E-4	2.6379489508610244E-5	0.0017069089797318389	6.277434788487044E-5	0.30973333696852234	4.976219558388261E-4	0.0014792770334391572	9.129392953489378E-5	0.003515452410602569	5.590193078774139E-5	0.0010884320620517837	7.444880718576304E-5
50	file:/Users/mlafleur/Projects/SDG_LLM/LLMs/chatgpt-api/results/separates/SDG_12/d_12_411.txt	0.001394992831963893	6.15324751095939E-5	7.362680801620224E-5	5.534831498267286E-4	5.726467388346013E-4	0.6807287429935256	5.781349569101657E-4	0.009574987503510624	4.1753170679075565E-4	5.1700581597601035E-5	0.28095423484922616	0.0025510867692436928	0.0020418808414742954	7.51891403466414E-5	0.005695399702350486	4.604049952785956E-5	0.014567472854523722	6.131559722150912E-5
51	file:/Users/mlafleur/Projects/SDG_LLM/LLMs/chatgpt-api/results/separates/SDG_12/d_12_388.txt	7.858299700239441E-5	2.299942656829854E-4	7.484730021288523E-5	0.033381247551696	7.981400409879454E-5	0.7141153193510276	8.539319891931669E-5	2.2086137557250975E-5	2.570112369329251E-4	2.1999939146283303E-4	0.23286737754399675	4.1663228413033835E-4	6.642716681269204E-5	0.0015834115774339868	0.012487482160408684	4.680370075740049E-5	0.0037577963391999835	2.2977379266729463E-4
52	file:/Users/mlafleur/Projects/SDG_LLM/LLMs/chatgpt-api/results/separates/SDG_12/d_12_149.txt	0.002362115730036143	2.4088447991949333E-4	7.839131524266014E-5	2.3855963807946812E-4	8.35931922499785E-5	0.6733963255722739	2.6480670259914285E-4	2.3131914802788794E-5	6.199209850837741E-4	5.504620802458996E-5	0.3084298453369745	2.609896559823953E-4	2.44942630046839E-4	4.3079503056867827E-4	0.004310256617381735	4.9019853089702774E-5	0.008846091711123686	6.52834265207526E-5
53	file:/Users/mlafleur/Projects/SDG_LLM/LLMs/chatgpt-api/results/separates/SDG_12/d_12_83.txt	0.007304633915122583	6.743002337870004E-5	8.068353137085991E-5	0.03851112928185178	2.6653559973387333E-4	0.5883980093752161	2.725498332338848E-4	2.380830794688852E-5	0.001721036411582874	2.3715388199941774E-4	0.32448797206496205	8.81230886572507E-5	7.160683661488317E-5	8.239560463589888E-5	0.03439897358462274	5.045322740554857E-5	0.0036898149878393763	2.4769044382554203E-4
54	file:/Users/mlafleur/Projects/SDG_LLM/LLMs/chatgpt-api/results/separates/SDG_12/d_12_161.txt	0.020399913952577037	6.77602494506418E-5	6.252247866915962E-4	6.535570922921695E-5	8.645886767084047E-5	0.6877748255824285	2.738845956487179E-4	2.392490473299262E-5	2.7840854214502956E-4	5.693325840634833E-5	0.24391102739232273	2.6993669607163373E-4	7.195751785737222E-5	2.641811627562774E-4	0.031483941502531504	0.01419849950150024	8.024435688335489E-5	6.752142109584574E-5
55	file:/Users/mlafleur/Projects/SDG_LLM/LLMs/chatgpt-api/results/separates/SDG_12/d_12_97.txt	6.732178908692201E-5	5.358850146062614E-5	6.412143021859882E-5	1.951336718708653E-4	6.837638872386165E-5	0.6102022760378332	7.315606615167209E-5	1.8921119721721635E-5	7.673384981378778E-5	4.5025926350657874E-5	0.38597755427864555	2.134806637960854E-4	5.690793026982133E-5	2.0892887409670825E-4	0.0020911752255087976	3.2699019689756416E-4	2.0690842658368104E-4	5.33996229700127E-5
56	file:/Users/mlafleur/Projects/SDG_LLM/LLMs/chatgpt-api/results/separates/SDG_12/d_12_175.txt	0.008836863449112773	9.408800235555865E-4	2.533615677573181E-4	4.132774902931777E-4	8.34614624140943E-5	0.6357405569034682	4.3948319353200445E-4	2.3095462512133998E-5	7.940378712821742E-4	5.495946378437191E-5	0.2991891187455449	0.02337295799744836	0.004621901263745337	7.992859476944532E-5	0.0020272451200265378	0.006877600220582936	0.01531062169513271	9.406494750381907E-4
57	file:/Users/mlafleur/Projects/SDG_LLM/LLMs/chatgpt-api/results/separates/SDG_12/d_12_68.txt	9.318792140161913E-5	7.417808008185392E-5	2.8731935532119284E-4	7.154579672175775E-5	9.464771546547592E-5	0.655422933319043	0.0044696151291740635	2.2475234634771892E-4	7.019005187865845E-4	6.580098925930999E-4	0.3325380369497713	9.69420029823498E-5	0.001270141425737083	9.064134124273698E-5	0.002696077522200501	0.0010483094469894388	8.784460475379768E-5	7.391663138632066E-5
58	file:/Users/mlafleur/Projects/SDG_LLM/LLMs/chatgpt-api/results/separates/SDG_12/d_12_40.txt	0.015327634906601776	6.674767168076863E-4	0.0022648388122295596	6.648538080006823E-4	9.431063928016102E-5	0.6987930618272237	8.923202682540824E-4	2.6097647596725107E-5	1.0583797368404631E-4	6.210365855180204E-5	0.19978065349806093	0.02522408916556671	6.720551606079936E-4	9.031853326593934E-5	0.021878340055396538	5.530466725668841E-5	0.03293134073332701	4.6936192828782097E-4
59	file:/Users/mlafleur/Projects/SDG_LLM/LLMs/chatgpt-api/results/separates/SDG_12/d_12_54.txt	0.0030018707463678016	7.249392396771488E-5	8.674275190142487E-5	0.039656782158806116	2.865520510541637E-4	0.6170616190560773	2.930179450910867E-4	2.5596278625151387E-5	4.919111697081712E-4	6.0910568358378256E-5	0.3321679870629736	9.474100955060486E-5	2.7103764903631754E-4	2.826366384690854E-4	0.005739716984698715	2.48295433316596E-4	8.585016073439217E-5	7.223841126322681E-5
60	file:/Users/mlafleur/Projects/SDG_LLM/LLMs/chatgpt-api/results/separates/SDG_12/d_12_217.txt	0.0017785340328749237	7.01656112032301E-5	8.395680453611783E-5	6.767571431431853E-5	8.952799529586521E-5	0.6689907662673114	9.578622194777135E-5	2.477419397330125E-5	2.882915231596925E-4	4.345958084876345E-4	0.3169919330864092	0.0010308019948455248	4.5015340096705525E-4	8.573833538909564E-5	0.0019867779836693564	5.250007875874656E-5	0.006093357300260966	0.001384663646596066
61	file:/Users/mlafleur/Projects/SDG_LLM/LLMs/chatgpt-api/results/separates/SDG_12/d_12_203.txt	2.630718264081613E-4	6.688674158449409E-5	8.003346643702691E-5	6.45131986633288E-5	8.53443130223409E-5	0.5532198543545499	9.131009001287854E-5	2.3616485082083177E-5	9.577571761451966E-5	5.619932295796143E-5	0.38077899740102605	8.741308342044687E-5	7.102990235438231E-5	8.17317455761167E-5	0.06438022708383248	5.0046727177090605E-5	4.3729754827788215E-4	6.665099200299455E-5
62	file:/Users/mlafleur/Projects/SDG_LLM/LLMs/chatgpt-api/results/separates/SDG_12/d_12_207.txt	4.5231976042199405E-4	6.843050090189609E-5	8.188065478241916E-5	6.600217613737888E-5	8.73140767646676E-5	0.6707650559470336	2.765937289414381E-4	2.416155826140222E-5	9.798624025242544E-5	5.7496414524881915E-5	0.2668394093100331	8.943059479559266E-5	2.5584547051263947E-4	8.36181305422803E-5	0.032894422451625306	5.120181560799453E-5	0.02755746567482294	2.513654940382072E-4
63	file:/Users/mlafleur/Projects/SDG_LLM/LLMs/chatgpt-api/results/separates/SDG_12/d_12_213.txt	4.947313223980901E-4	7.484685650694062E-5	8.955815810818152E-5	4.728940761572675E-4	2.9585266010117135E-4	0.6519155843123663	5.028800350208517E-4	0.00383310779057116	1.0717387666564172E-4	6.288754036415614E-5	0.337539657138644	9.781601490236362E-5	2.798347077257715E-4	2.91810165118401E-4	0.0021193300265587005	5.600273116808667E-5	0.0014910979193810917	2.749346682416675E-4
64	file:/Users/mlafleur/Projects/SDG_LLM/LLMs/chatgpt-api/results/separates/SDG_12/d_12_78.txt	0.003245611648651253	2.881898156546651E-4	9.378594543018862E-5	7.559876635015627E-5	1.0000937657983487E-4	0.6856280101640216	1.070002775140519E-4	2.7674602635184765E-5	1.122332522333038E-4	6.585628326240362E-5	0.3068962071255263	0.001151481886096831	2.9304491274306847E-4	9.57760468434421E-5	3.3109074556103335E-4	4.782657632228921E-4	9.320594821808408E-4	7.810390549282567E-5
65	file:/Users/mlafleur/Projects/SDG_LLM/LLMs/chatgpt-api/results/separates/SDG_12/d_12_50.txt	5.103762939586433E-4	7.721375119994666E-5	9.239027075839005E-5	2.811611144162973E-4	9.852108797545396E-5	0.6504156715097289	1.0540795388265085E-4	2.7262763294302202E-5	1.1056305413744731E-4	6.487624359754203E-5	0.3203109353078382	5.142840079469129E-4	2.8868396760849753E-4	9.435075649603193E-5	0.017274527994697954	0.0019179600485453678	0.007738872270965314	7.694160295202516E-5
66	file:/Users/mlafleur/Projects/SDG_LLM/LLMs/chatgpt-api/results/separates/SDG_12/d_12_44.txt	0.0016201371420094565	5.2770960251202085E-5	4.869184017777553E-4	5.089832994839223E-5	2.085916455952102E-4	0.6394566300900038	7.204000398967476E-5	1.8632460873660375E-5	7.818552089044366E-4	4.4339014993168216E-5	0.34194934830559365	4.927406240190528E-4	0.0010448485531861064	2.057414745658942E-4	0.010676034893946555	3.948486333765812E-5	0.0011925606558366212	0.0016064273711679288
67	file:/Users/mlafleur/Projects/SDG_LLM/LLMs/chatgpt-api/results/separates/SDG_12/d_12_159.txt	9.557528456347949E-4	7.988869257442478E-5	3.0943868623463865E-4	2.9090147136254875E-4	1.019341864247406E-4	0.6688851290363943	1.0905963629229888E-4	0.006443638504486196	3.282410353243968E-4	6.712377263897407E-5	0.3207151869264152	1.0440510006810563E-4	8.483723228784308E-5	5.253147986683186E-4	1.2361530638227674E-4	5.977518873087951E-5	9.460733704288402E-5	7.21150243037031E-4
68	file:/Users/mlafleur/Projects/SDG_LLM/LLMs/chatgpt-api/results/separates/SDG_12/d_12_171.txt	7.246742341314588E-5	5.768445369758566E-5	6.902245018337401E-5	5.5637463165654406E-5	7.360262970308537E-5	0.6146879334534641	7.874763420515201E-5	2.0367325540835784E-5	7.002426475615963E-4	4.846741172028807E-5	0.36683969064995126	7.538677836115283E-5	6.125759779057994E-5	5.33719905425011E-4	0.015993584718047522	4.316129098493624E-5	5.315450282062622E-4	5.748113857868341E-5
69	file:/Users/mlafleur/Projects/SDG_LLM/LLMs/chatgpt-api/results/separates/SDG_12/d_12_93.txt	0.0012237726572354504	8.358887759768899E-5	1.0001844119245105E-4	8.06226426756377E-5	1.0665544719160155E-4	0.6703303956607333	1.1411092477690472E-4	2.951370382305386E-5	1.1969165408360747E-4	9.65242491770864E-4	0.3037968271382428	3.3299324648284126E-4	8.876661761398572E-5	1.0214079375024099E-4	1.2934076627631373E-4	6.254378151888566E-5	0.022250480895509378	8.329425952473686E-5
70	file:/Users/mlafleur/Projects/SDG_LLM/LLMs/chatgpt-api/results/separates/SDG_12/d_12_165.txt	7.518398315165101E-5	5.984684966907121E-5	7.160986947317197E-5	5.7723124353395226E-5	7.636174450367083E-5	0.5885493332093535	2.4189890614855064E-4	2.113082800772803E-5	8.569523403652177E-5	2.1048358006263274E-4	0.32452152478227503	7.821277488850235E-5	6.355393890494117E-5	2.333286913943854E-4	0.021559308301507006	4.4779262479287904E-5	0.06366999043035036	3.800344894407301E-4
71	file:/Users/mlafleur/Projects/SDG_LLM/LLMs/chatgpt-api/results/separates/SDG_12/d_12_87.txt	8.637272600693184E-4	3.7484099273723127E-4	2.285144510017461E-4	5.6902704800650335E-5	7.527641398883294E-5	0.6518810311239803	2.3846079370029049E-4	0.001915898978207885	8.447724650781175E-5	4.9569600493101376E-5	0.3336483424312423	0.0011825577507057017	0.004642399479692867	7.209001394629739E-5	0.0019863559823121483	4.414281421168226E-5	0.0011753222932844019	0.0014800896691175534
72	file:/Users/mlafleur/Projects/SDG_LLM/LLMs/chatgpt-api/results/separates/SDG_12/d_12_398.txt	2.2134159976690404E-4	5.627671570781378E-5	6.733801843370939E-5	5.427968016638327E-5	7.180642272982801E-5	0.6257482025650256	7.682586795498658E-5	9.237263567435873E-4	8.058312760078734E-5	4.728460747458505E-5	0.32595104490318755	0.011974318721052488	5.116906992542406E-4	6.876690508656471E-5	0.01876677172382395	4.210797791508158E-5	6.664510381961324E-5	0.015270989004256467
73	file:/Users/mlafleur/Projects/SDG_LLM/LLMs/chatgpt-api/results/separates/SDG_12/d_12_429.txt	3.1180924982968854E-4	7.927836667942913E-5	9.486069060196684E-5	0.0066550983484343785	5.255833913649065E-4	0.683723158957703	0.001169296332706198	2.7991741257892215E-5	1.1351939532646588E-4	6.661096694280873E-5	0.2995901882258792	0.005833384826256691	2.964030769502974E-4	3.090875736230298E-4	7.593128499341689E-4	5.931852403422397E-5	3.0609854100542615E-4	7.899894147012913E-5
74	file:/Users/mlafleur/Projects/SDG_LLM/LLMs/chatgpt-api/results/separates/SDG_12/d_12_415.txt	6.123454609553071E-5	4.874302372808727E-5	5.802289108197922E-4	4.7013328781296586E-5	6.219378872642887E-5	0.651449737227637	6.65412872368611E-5	0.0017134026473221275	2.0027190404253782E-4	4.0954677527263386E-5	0.3116735710223067	4.5513039395196734E-4	8.346203296770728E-4	5.9561167423921834E-5	0.013775437589847296	3.647103674835842E-5	0.018715839557773235	1.7904756035458483E-4
75	file:/Users/mlafleur/Projects/SDG_LLM/LLMs/chatgpt-api/results/separates/SDG_12/d_12_373.txt	8.443618949360046E-5	6.721165502843873E-5	2.6033579423371324E-4	6.482658222875645E-5	9.85326646960168E-4	0.6588177632964579	9.175364392371604E-5	2.036447580321025E-4	4.5606806796367637E-4	5.647232049285497E-5	0.3261358392391175	0.0074642933371586095	4.3120204580051274E-4	8.212877108977842E-5	0.0024428757410829304	5.028983745724568E-5	7.992488975789155E-4	0.001506283175899772
76	file:/Users/mlafleur/Projects/SDG_LLM/LLMs/chatgpt-api/results/separates/SDG_12/d_12_367.txt	8.003024087433184E-5	6.370449654050444E-5	7.622574466901686E-5	6.144387876741253E-5	8.128391912791019E-5	0.6974250413133992	9.395934515517054E-4	2.2492892560925937E-5	0.004865933519586419	5.352554916181039E-5	0.26887378542207824	8.3254264424261E-5	6.765053972753398E-5	2.483687428148084E-4	0.02653002797922023	4.7665673088426214E-5	4.1649240928036933E-4	6.347996312710604E-5
77	file:/Users/mlafleur/Projects/SDG_LLM/LLMs/chatgpt-api/results/separates/SDG_12/d_12_401.txt	0.0032373215312530464	6.92294152479652E-5	8.283659736517167E-5	8.08031677624207E-4	8.833345361595029E-5	0.6965716520132257	8.357671162873251E-4	2.4443640304701773E-5	4.6975968148731345E-4	6.141118783517883E-4	0.26254212421371925	0.0028701956969389834	7.35176880892328E-5	0.0010111680296253354	0.01215257946826349	5.179958801203781E-5	0.018242828167576008	2.543001430126722E-4
78	file:/Users/mlafleur/Projects/SDG_LLM/LLMs/chatgpt-api/results/separates/SDG_12/d_12_366.txt	3.650551752735897E-4	5.522842618570356E-5	6.608368547778101E-5	5.3268590246400366E-5	7.046885496985575E-5	0.675000811269146	2.2323139741692929E-4	7.586831296071523E-4	3.747552655343894E-4	4.6403817649712236E-5	0.3184010548074834	7.217704003793285E-5	5.8649436737790606E-5	6.748595567145545E-5	0.0023030063331982427	4.132361529742619E-5	6.540367806909901E-5	0.0019769095219971944
79	file:/Users/mlafleur/Projects/SDG_LLM/LLMs/chatgpt-api/results/separates/SDG_12/d_12_400.txt	6.749606680780849E-5	5.372722745152667E-5	6.428742308465367E-5	5.1820663050713166E-5	6.855339651511118E-5	0.6228559210920024	3.6098176040154145E-4	1.897010133178349E-5	3.645688059681746E-4	4.514248617373482E-5	0.37532747404102135	7.021515032597094E-5	5.705524935510271E-5	2.0946973387626553E-4	8.313451464114863E-5	4.020037201021901E-5	2.074440559765757E-4	5.3537860006099123E-5
80	file:/Users/mlafleur/Projects/SDG_LLM/LLMs/chatgpt-api/results/separates/SDG_12/d_12_414.txt	9.453949800387572E-5	7.525394223148662E-5	2.914865704729713E-4	8.783487332854594E-4	9.602046459171572E-5	0.7156922506799179	5.056151570148822E-4	0.002645307861082819	1.077567863197137E-4	6.322958037931274E-5	0.27189266690282915	0.0013069959066251643	7.991539192759815E-5	2.933972959351254E-4	0.0029366221358509384	0.0026750443957781053	2.9055999621069073E-4	7.498870154301846E-5
81	file:/Users/mlafleur/Projects/SDG_LLM/LLMs/chatgpt-api/results/separates/SDG_12/d_12_372.txt	0.001044914070703452	2.624223268557496E-4	0.005052706939742579	0.016499160991709838	8.552683922880357E-4	0.6768637883604642	9.743322030885205E-5	7.894011802631457E-4	1.0219830681645074E-4	5.996797302684821E-5	0.2171737694979522	0.033909169394662896	0.018416617211303606	0.012314428658751578	0.001256738676822723	0.0015818048042529065	0.008108632184890226	0.005611577809184572
82	file:/Users/mlafleur/Projects/SDG_LLM/LLMs/chatgpt-api/results/separates/SDG_12/d_12_428.txt	7.328214408524086E-5	2.1447989462715646E-4	6.943861162746794E-4	5.626297169416322E-5	7.443011302062773E-5	0.6340903641080288	3.91926798537975E-4	2.059630679022842E-5	0.0018011436129108892	4.901231038497959E-5	0.33255177248418655	0.006322111078109638	6.194629112190393E-5	2.2742645527963845E-4	0.020857801412869283	4.3646535172510815E-5	0.0016305493973838036	8.388619695221576E-4
83	file:/Users/mlafleur/Projects/SDG_LLM/LLMs/chatgpt-api/results/separates/SDG_12/d_12_399.txt	7.462136910727685E-4	5.105318643396372E-4	0.001386683788033986	7.750124594352712E-5	1.0252616100998825E-4	0.6856750023379423	3.247826036600581E-4	2.83710474227124E-5	3.301472687242276E-4	6.751358854727635E-5	0.30364982868435464	0.004406803670400997	8.532991768769403E-5	0.0016038135836195604	1.2433319232704697E-4	4.903015529410084E-4	3.1024637384569607E-4	8.006942812681186E-5
