#doc name topic proportion ...
0	file:/Users/mlafleur/Projects/SDG_LLM/LLMs/chatgpt-api/results/separates/SDG_2/d_2_230.txt	8.835176943685182E-4	0.02231201278135898	0.0027924578871233127	0.2936758054436179	4.748102107924948E-4	0.6527875560121041	0.002254777396949336	7.00866661652945E-4	7.559080663216542E-4	4.286755233498635E-5	5.102780722824866E-4	0.02123510572420569	4.638915072182147E-4	6.234309768348609E-5	7.894499083430262E-5	3.113155134081771E-4	6.067015423950784E-4	5.083984534839254E-5
1	file:/Users/mlafleur/Projects/SDG_LLM/LLMs/chatgpt-api/results/separates/SDG_2/d_2_224.txt	2.704813113864068E-4	0.026945418838083237	8.228762939859775E-5	0.27822123058510984	0.011501119216865911	0.6711535995945404	0.004327874388873388	2.428164939801856E-5	0.0037802058971972987	5.7782191199422306E-5	5.037292928283018E-4	6.421349899897077E-4	7.303047764093728E-5	8.203802674237334E-4	1.0641182680498775E-4	5.145630599171317E-5	0.001370047303103729	6.852823416447609E-5
2	file:/Users/mlafleur/Projects/SDG_LLM/LLMs/chatgpt-api/results/separates/SDG_2/d_2_218.txt	0.01888013256814685	6.624624859940871E-5	0.0027392070633562478	0.29691319721346837	8.452707432132438E-5	0.6330404199275977	4.4509438833388365E-4	3.7804900273723767E-4	6.26846586057231E-4	5.566117038439569E-5	4.8523881517334325E-4	0.028104610491683484	7.0349735356984E-5	0.017459223636699345	1.025057496048444E-4	4.956749053132104E-5	4.3311008144317014E-4	6.60127565049628E-5
3	file:/Users/mlafleur/Projects/SDG_LLM/LLMs/chatgpt-api/results/separates/SDG_2/d_2_46.txt	0.028459233278370737	5.2770960251202085E-5	6.314319962468251E-5	0.3308780728107807	6.73332448775194E-5	0.5586568248794845	0.019706957703748716	1.8632460873660375E-5	0.022818165720864224	4.4339014993168216E-5	0.0020816361788291863	0.03651363280703023	3.3855654959765184E-4	6.44830738482032E-5	8.165484011973473E-5	3.948486333765812E-5	6.249345009509387E-5	5.2584963273328165E-5
4	file:/Users/mlafleur/Projects/SDG_LLM/LLMs/chatgpt-api/results/separates/SDG_2/d_2_387.txt	0.014217509197324684	0.055812909674107035	7.228287206442881E-4	0.21981646047769915	7.747882930140312E-5	0.6758298603542174	0.026252288844228557	2.143994780173423E-5	4.1203449751754065E-4	5.38648354016022E-4	0.0054836048619678925	7.935693813914947E-5	2.270264804014666E-4	7.419920249800334E-5	9.395836233317385E-5	4.5434331764234275E-5	7.190978781998532E-5	2.230511382184144E-4
5	file:/Users/mlafleur/Projects/SDG_LLM/LLMs/chatgpt-api/results/separates/SDG_2/d_2_52.txt	0.003783588074796665	5.7764729253842464E-5	6.91185040631893E-5	0.24745703511454684	7.370505750923839E-5	0.6146155981628485	2.3348304710670546E-4	2.039566937149466E-5	0.0020928495541989137	3.577865108226592E-4	0.016349573590214217	0.0733681328055496	6.134284585002027E-5	7.05851719310364E-5	0.04060134810646136	4.322135563703024E-5	2.2303309322292862E-4	5.214386066159342E-4
6	file:/Users/mlafleur/Projects/SDG_LLM/LLMs/chatgpt-api/results/separates/SDG_2/d_2_393.txt	0.01542386611061344	5.515504078412347E-5	3.6127618988084884E-4	0.28204589753987136	0.02635032315170875	0.6676077293330354	6.658552469314923E-4	1.9474236104542235E-5	5.218974621256325E-4	4.634215804743382E-5	4.039982218882109E-4	9.579220755352221E-4	5.857150562939769E-5	0.005234801775388219	8.534383334293144E-5	4.1268706072000406E-5	6.531677218545537E-5	5.496064085561116E-5
7	file:/Users/mlafleur/Projects/SDG_LLM/LLMs/chatgpt-api/results/separates/SDG_2/d_2_422.txt	0.0041093312540173765	7.657862385520534E-4	7.826778275378494E-5	0.2535988906054022	8.346146241409429E-5	0.6821404099294044	0.05086649327454956	2.3095462512133994E-5	9.366273126804162E-5	9.304283888020377E-4	8.293090995242976E-4	8.54845919784475E-5	2.4455663865700634E-4	7.80303734783578E-4	9.76682410005339E-4	4.894260544514263E-5	0.00427971323991012	6.518055002052493E-5
8	file:/Users/mlafleur/Projects/SDG_LLM/LLMs/chatgpt-api/results/separates/SDG_2/d_2_85.txt	0.0036125136903003077	6.593058010473144E-5	0.014197636892206742	0.27255541815621	8.412429627917687E-5	0.6933818129078804	9.000479110436938E-5	2.3278881951956832E-5	9.7682830169461E-4	5.539594060552223E-5	0.002424254399090768	0.003439366029773026	7.001451343075283E-5	2.5704771535635E-4	2.785016458195376E-4	4.9331297607921426E-5	9.604993105328401E-4	0.0074780406500511674
9	file:/Users/mlafleur/Projects/SDG_LLM/LLMs/chatgpt-api/results/separates/SDG_2/d_2_344.txt	0.0030702767017150314	0.006524540224404543	7.049188720756021E-5	0.2653052563422245	7.516957536896429E-5	0.7123004408592658	3.958205869397554E-4	2.0800930870027162E-5	0.006707683297412596	2.0719748400571065E-4	1.1612438491590173E-4	2.346899440952235E-4	6.25617268379702E-5	7.198769773344647E-5	0.001195045594486436	4.408016301594126E-5	0.0030660330193239328	5.317995801765871E-4
10	file:/Users/mlafleur/Projects/SDG_LLM/LLMs/chatgpt-api/results/separates/SDG_2/d_2_91.txt	0.010186493178670727	0.005453563092823427	7.530120868392775E-5	0.23556390193521695	4.17212486888164E-4	0.6896398574507746	0.002275855013185826	2.2220078058796552E-5	2.5856987134278574E-4	5.2876342039772726E-5	0.016801312461673143	0.03832203500232173	6.683001172009519E-5	7.689907114758579E-5	9.737720280974464E-5	4.708753993649577E-5	4.1144080602522026E-4	2.3116724668124846E-4
11	file:/Users/mlafleur/Projects/SDG_LLM/LLMs/chatgpt-api/results/separates/SDG_2/d_2_350.txt	4.2565412369733355E-4	4.0915108544794273E-4	9.389404700992111E-4	0.24587226385776256	2.5454403042134E-4	0.7410257942862141	0.0014669293839185166	1.951145465144062E-4	4.3696442334354823E-4	5.410682460013353E-5	4.716884549937718E-4	2.5653577322493217E-4	2.4076259558368434E-4	0.0038709910816294075	9.61530193517308E-4	4.818331158912955E-5	7.626065088440595E-5	0.0029945849065582527
12	file:/Users/mlafleur/Projects/SDG_LLM/LLMs/chatgpt-api/results/separates/SDG_2/d_2_436.txt	4.576005159454664E-4	8.104883526633194E-4	0.001009410269134365	0.2587661418981676	8.833345361595027E-5	0.6500576536904121	0.022332276301332606	2.4443640304701767E-5	9.913021277963612E-5	0.06306517735559541	0.0010630340404529396	9.047468163140467E-5	2.5883242244307143E-4	8.459435785614254E-5	1.0712173526398078E-4	4.2242905671971496E-4	0.0011938726070228574	6.898540865883349E-5
13	file:/Users/mlafleur/Projects/SDG_LLM/LLMs/chatgpt-api/results/separates/SDG_2/d_2_378.txt	0.008215443101001436	6.0811300446906785E-5	0.001700573385879252	0.33603853433016256	7.759233799841092E-5	0.6434498756272766	5.713590831655337E-4	2.1471357937391066E-5	0.001226542890255223	5.1094638972540524E-5	0.0030499242483471496	0.00317231124997189	0.0013668257312859152	2.3708885653509062E-4	2.5687696410355904E-4	2.0828184444443698E-4	7.201513771222233E-5	2.2337791450418904E-4
14	file:/Users/mlafleur/Projects/SDG_LLM/LLMs/chatgpt-api/results/separates/SDG_2/d_2_185.txt	2.755022227284127E-4	7.004720432889884E-5	8.338303610473058E-4	0.26107286381020317	8.393921502316539E-4	0.7173628270236204	6.581360067872744E-4	3.9974000492018936E-4	1.003012122068514E-4	6.213662222862115E-4	1.3807233953587719E-4	0.015091848165461016	7.438613342218145E-5	8.356088855058945E-4	6.708985638411015E-4	5.2411483076027256E-5	8.329678954441591E-4	6.980031535337758E-5
15	file:/Users/mlafleur/Projects/SDG_LLM/LLMs/chatgpt-api/results/separates/SDG_2/d_2_191.txt	2.5605746403462975E-4	0.001459262667325306	7.749791837263229E-4	0.29876143312260206	8.30687522135981E-5	0.6674289283723529	0.0210012656643828	2.298679171424296E-5	0.001661651286346615	0.004237178904183262	9.99676879893442E-4	0.0013049717908482535	2.4340592928981166E-4	7.95525077279608E-5	6.235470014736505E-4	4.871231640105895E-5	4.256377536485671E-4	5.876836118356415E-4
16	file:/Users/mlafleur/Projects/SDG_LLM/LLMs/chatgpt-api/results/separates/SDG_2/d_2_146.txt	0.033882952053902946	5.305013594017883E-4	0.0010138035577631258	0.3180199355783399	3.894605387637635E-4	0.6355896138443071	0.002124470737188545	1.7799391983808817E-4	8.411857298071781E-5	4.935913786345288E-5	0.006877625959120507	3.912775130245445E-4	6.238464376804173E-5	2.2903580083799292E-4	9.08999108642625E-5	4.395539263340328E-5	3.8407277591126493E-4	5.853870349065569E-5
17	file:/Users/mlafleur/Projects/SDG_LLM/LLMs/chatgpt-api/results/separates/SDG_2/d_2_152.txt	7.978534301019124E-5	2.3351325449365236E-4	4.159998847223717E-4	0.3655692064552167	8.103518492486485E-5	0.6167491658099151	2.56703441235919E-4	0.015152753180623622	9.093989644245606E-5	5.3361757418545946E-5	2.9518946572875565E-4	2.530031987863904E-4	6.744352457293451E-5	7.76050199766545E-5	2.6827484292967293E-4	4.751981295599815E-5	7.521051887905557E-5	2.332894081674446E-4
18	file:/Users/mlafleur/Projects/SDG_LLM/LLMs/chatgpt-api/results/separates/SDG_2/d_2_153.txt	0.007891225761199324	7.867729549847064E-5	9.414147766009051E-5	0.24732617428975845	0.0024170436785859437	0.7231875834081418	1.0740590382714388E-4	2.777951401760358E-5	7.444737645698547E-4	0.001119131017857858	0.00520960378212675	1.0282194694766401E-4	8.355079772728507E-5	0.001149164203980145	3.32345874253603E-4	0.0019543139291718454	0.008096163365846466	7.839998882979625E-5
19	file:/Users/mlafleur/Projects/SDG_LLM/LLMs/chatgpt-api/results/separates/SDG_2/d_2_147.txt	1.231079854537737E-4	9.799460988457101E-5	1.1725564940697477E-4	0.2694909991416227	1.2503647901469632E-4	0.6985047742223986	1.337768358477105E-4	3.460010440993044E-5	1.4031934972035578E-4	8.233665743883614E-5	0.029047700811374123	1.2806739879491985E-4	1.0406468317138779E-4	1.1974376884242338E-4	1.5163139280828508E-4	3.356365994868261E-4	0.0011653050930791613	9.764921724438215E-5
20	file:/Users/mlafleur/Projects/SDG_LLM/LLMs/chatgpt-api/results/separates/SDG_2/d_2_190.txt	4.2784481033546147E-4	9.823402698034176E-4	0.0015860943697610186	0.2371307423903728	0.004797783270298063	0.7456871240288924	1.4850145177713325E-4	3.8408486072762785E-5	7.381371170185485E-4	9.139932998611826E-5	7.967942873607787E-4	0.003636401745543837	4.067054402969565E-4	1.3292378610754575E-4	0.0024978133397458727	8.139310388856084E-5	1.288224257596292E-4	6.907703469790916E-4
21	file:/Users/mlafleur/Projects/SDG_LLM/LLMs/chatgpt-api/results/separates/SDG_2/d_2_184.txt	8.829642007588057E-5	0.0021398111139198095	4.603765452042065E-4	0.2835929475016457	8.967958849457582E-5	0.6733218937270575	9.594841188321536E-5	5.892325141800898E-4	1.0064088208425102E-4	5.905410657209727E-5	0.03870699196179662	9.185344720199007E-5	7.463804193119964E-5	8.588351174952686E-5	2.968929797554868E-4	5.258897447058839E-5	8.323357797962696E-5	7.003669399763206E-5
22	file:/Users/mlafleur/Projects/SDG_LLM/LLMs/chatgpt-api/results/separates/SDG_2/d_2_379.txt	0.024228067731476618	7.100580213150872E-5	8.496213669711325E-5	0.281371795419471	2.8066984271111323E-4	0.6486811269747639	0.042482499407243954	2.507085002282234E-5	4.818134440912981E-4	0.0010100092423079496	1.3996186307287426E-4	6.630056206046774E-4	7.540410958163441E-5	8.676500030890913E-5	1.098704172336866E-4	5.3128735577244884E-5	8.408786822988444E-5	7.075553447397309E-5
23	file:/Users/mlafleur/Projects/SDG_LLM/LLMs/chatgpt-api/results/separates/SDG_2/d_2_351.txt	0.03438803280684544	6.57218004655412E-5	7.863955377606925E-5	0.2523405255741317	8.385790335200409E-5	0.6589917468785449	2.6564525502407196E-4	0.04822678623808676	2.7003310647618256E-4	5.5220520573211684E-5	8.332483077255792E-4	8.589064275734026E-5	6.979280136893063E-5	6.080846897280787E-4	8.053961612840823E-4	5.769515173289236E-4	0.0021889360856858055	6.549015684547375E-5
24	file:/Users/mlafleur/Projects/SDG_LLM/LLMs/chatgpt-api/results/separates/SDG_2/d_2_90.txt	0.01577954033857583	8.684237720906746E-4	8.875793231898776E-5	0.35410656300965365	9.464771546547593E-5	0.6190861929096395	4.983866691299604E-4	2.61909233455138E-5	1.0621624977996906E-4	6.232562358648445E-5	0.007691548918163672	9.694200298234981E-5	7.877288772385171E-5	4.877641872471472E-4	3.133404461740393E-4	5.550233197841315E-5	4.8496745075820804E-4	7.391663138632067E-5
25	file:/Users/mlafleur/Projects/SDG_LLM/LLMs/chatgpt-api/results/separates/SDG_2/d_2_437.txt	0.036211511212093615	0.0012822800924825102	6.84516869528178E-5	0.28335322663175394	7.299399186720507E-5	0.6524824737764469	7.80964510904092E-5	1.733329839051933E-4	8.191585010239526E-5	2.0120070371799125E-4	0.02216407109049334	0.00283117683911529	3.6701920534013677E-4	6.990420522002225E-5	8.851961236176545E-5	4.2804379895687884E-5	3.7401547393308554E-4	5.700581322781487E-5
26	file:/Users/mlafleur/Projects/SDG_LLM/LLMs/chatgpt-api/results/separates/SDG_2/d_2_423.txt	0.013870160480849927	6.776024945064181E-5	4.4384274581028756E-4	0.26216240478272046	2.678409085521493E-4	0.5778573088083555	0.14011943811513783	2.0530694561430142E-4	2.784085421450296E-4	4.19697340168966E-4	0.0014032387340128694	0.0017209930231221033	7.195751785737223E-5	8.279912187496862E-5	1.048484300650842E-4	2.3208235363946574E-4	8.02443568833549E-5	6.116675437397723E-4
27	file:/Users/mlafleur/Projects/SDG_LLM/LLMs/chatgpt-api/results/separates/SDG_2/d_2_345.txt	9.289350114020673E-4	0.0013247307115087635	9.290875353921184E-5	0.2943866322035564	3.0692125052479013E-4	0.6943880951019592	1.0599949029228787E-4	2.741575855245748E-5	3.190307947125972E-4	2.7308759543845433E-4	1.5305267436345457E-4	5.171701062382558E-4	4.98151300735773E-4	9.488024128051353E-5	3.279940116543545E-4	5.8097933873688866E-5	0.006119523670649198	7.737338971844536E-5
28	file:/Users/mlafleur/Projects/SDG_LLM/LLMs/chatgpt-api/results/separates/SDG_2/d_2_84.txt	0.0013981656250496527	0.009616513273842357	8.367392193845557E-5	0.313794406782512	8.379780335723386E-4	0.5886793164822584	2.826514046035874E-4	2.4690720234813015E-5	4.7450808180020133E-4	5.8755642752004794E-5	1.3783973026561602E-4	0.08207969952513323	7.426081574978563E-5	4.598252963060629E-4	0.0010441441530359102	8.010748782534905E-4	8.281290932361343E-5	6.968272336882133E-5
29	file:/Users/mlafleur/Projects/SDG_LLM/LLMs/chatgpt-api/results/separates/SDG_2/d_2_392.txt	1.0417134318539826E-4	5.268499369498245E-4	9.921922164332099E-5	0.33924173045779027	1.0580319317323788E-4	0.6485485990746506	0.0072160630133509245	2.927786802336136E-5	1.1873523136124903E-4	5.13600512618876E-4	8.293416781472791E-4	5.522968874670866E-4	0.0011978797953268374	3.2328911248579736E-4	1.2830724018177492E-4	6.204401155376262E-5	3.201627438297908E-4	8.26286782604339E-5
30	file:/Users/mlafleur/Projects/SDG_LLM/LLMs/chatgpt-api/results/separates/SDG_2/d_2_53.txt	0.006109901634234954	0.01673599303012778	2.2982103077818413E-4	0.32850800677602066	7.570682283050323E-5	0.5992253074866861	0.03518139644783538	3.3860025443062147E-4	8.496026305828554E-5	4.985302518351583E-5	1.1695434212548573E-4	0.004842301823732993	2.2183419244404208E-4	7.25022038707965E-5	9.180945497937461E-5	2.0322053830222712E-4	0.007217404919053864	6.944257543053788E-4
31	file:/Users/mlafleur/Projects/SDG_LLM/LLMs/chatgpt-api/results/separates/SDG_2/d_2_386.txt	0.027132087670982272	5.216422046747488E-4	2.2374432920349124E-4	0.27405267703867875	8.468341832107486E-4	0.6735280375413034	7.885722196640337E-5	2.0395669371494658E-5	8.271382737498685E-5	8.216639862435652E-4	8.869910761840088E-4	0.019403719831584187	6.134284585002026E-5	7.058517193103639E-5	8.938191970222532E-5	4.322135563703023E-5	0.0020785429949065526	5.756113119502799E-5
32	file:/Users/mlafleur/Projects/SDG_LLM/LLMs/chatgpt-api/results/separates/SDG_2/d_2_47.txt	4.2831205092261316E-4	6.479842525475404E-5	9.448035295633498E-4	0.325982129913541	0.010316452059125207	0.6094917998452248	0.001649543151841675	2.287913878176034E-5	9.278543896812586E-5	5.44446857746687E-5	0.026319245335693468	0.023154035104641233	6.881222959184959E-5	2.5263371176114405E-4	4.471730054347981E-4	3.953917212682691E-4	2.5019061644058837E-4	6.457003617085257E-5
33	file:/Users/mlafleur/Projects/SDG_LLM/LLMs/chatgpt-api/results/separates/SDG_2/d_2_219.txt	0.021413251809828136	0.04016683961020156	6.370861862992468E-4	0.337003509925948	6.413356586451641E-4	0.598527606434086	7.306174188611034E-5	1.8896723648842905E-5	2.1989677037822795E-4	1.882297297393186E-4	3.920175719685766E-4	6.994355319804142E-5	5.683455564745971E-5	6.539763237930498E-5	8.281294450559344E-5	4.0044874150725924E-5	2.0664164781327012E-4	1.965926296766591E-4
34	file:/Users/mlafleur/Projects/SDG_LLM/LLMs/chatgpt-api/results/separates/SDG_2/d_2_225.txt	0.019957891686637384	0.0011411496430515425	4.3812110025937635E-4	0.286534620256543	8.534431302234089E-5	0.6413094122748478	0.023904137739199124	2.3616485082083173E-5	8.119509852592184E-4	5.933307736914858E-4	0.0019222808169801742	0.01906605767600497	2.500737192655572E-4	0.002409301365421389	8.196720803654318E-4	4.0813436099944013E-4	7.920991445553246E-5	2.4569480891416934E-4
35	file:/Users/mlafleur/Projects/SDG_LLM/LLMs/chatgpt-api/results/separates/SDG_2/d_2_231.txt	0.01846602904153778	6.667187222777712E-5	7.97763640720174E-5	0.24510176262568745	0.0022266939518402894	0.679761630608873	9.833600130264109E-4	2.3540618642228386E-5	0.004021778347829375	5.601878624641222E-5	0.03064955828942926	0.015970842138870078	2.492703735214304E-4	8.146918759856728E-5	8.17038936509792E-4	4.9885955283893406E-5	0.001149767358666382	2.4490553013799526E-4
36	file:/Users/mlafleur/Projects/SDG_LLM/LLMs/chatgpt-api/results/separates/SDG_2/d_2_227.txt	4.266133000204037E-4	4.5937919941497475E-5	9.157401484036982E-4	0.2625800840623075	5.861460920666629E-5	0.6727380713861058	0.0139580480835469	1.621983931792859E-5	1.8874649110321799E-4	5.304680907968957E-4	0.02812715723111151	0.018259236798424255	1.7175102603229274E-4	5.6133492169169886E-5	1.9404935143768086E-4	3.4372171403968136E-5	0.0015300124151956516	1.6874358347510166E-4
37	file:/Users/mlafleur/Projects/SDG_LLM/LLMs/chatgpt-api/results/separates/SDG_2/d_2_233.txt	2.601375372993643E-4	6.614069043932209E-5	7.91407774246312E-5	0.2920139202126285	8.439238711062935E-5	0.6536314262147147	9.029162214307192E-5	2.3353068068142253E-5	9.470744037282267E-5	5.557247870964783E-5	8.385591689512868E-4	0.05125295511392081	7.023763861514782E-5	2.578668857836918E-4	9.875762734705424E-4	4.948850865368694E-5	7.832641129797657E-5	6.590757039607012E-5
38	file:/Users/mlafleur/Projects/SDG_LLM/LLMs/chatgpt-api/results/separates/SDG_2/d_2_51.txt	7.858299700239441E-5	2.299942656829854E-4	0.0015818233467321619	0.27014392863816905	7.981400409879454E-5	0.6833060312888558	0.002262136377224939	6.918532693435962E-4	0.00276863798113172	5.2557608516246735E-5	6.256245970815476E-4	0.015988718098162862	6.642716681269204E-5	7.643553091470981E-5	4.3167378825447177E-4	4.680370075740049E-5	0.021004299982698368	5.646573585604672E-4
39	file:/Users/mlafleur/Projects/SDG_LLM/LLMs/chatgpt-api/results/separates/SDG_2/d_2_390.txt	0.013707707551443732	6.135058257740514E-5	0.0010587562341998558	0.2743141079964756	7.828043644456509E-5	0.6953031564556604	8.375243112132792E-5	0.012174275632696085	8.784844250481465E-5	2.157722642248618E-4	4.4937916681247575E-4	0.0020508721165918837	6.515081743595921E-5	7.49668781492182E-5	9.493046910201875E-5	4.590440191391761E-5	7.265377685672619E-5	6.113434578929511E-5
40	file:/Users/mlafleur/Projects/SDG_LLM/LLMs/chatgpt-api/results/separates/SDG_2/d_2_45.txt	2.959808111184907E-4	0.027672713838933747	6.943691967022013E-4	0.310896529616678	0.0017075509695086363	0.624036453212768	5.056151570148821E-4	2.2801210370743794E-4	3.091980994343288E-4	4.661122066085428E-4	0.016465081873497257	0.01560932913776283	7.991539192759815E-5	9.195598282051026E-5	1.164437522463279E-4	2.577486384027233E-4	4.920013093253059E-4	7.498870154301846E-5
41	file:/Users/mlafleur/Projects/SDG_LLM/LLMs/chatgpt-api/results/separates/SDG_2/d_2_384.txt	0.003824843771652256	0.001841485891908367	8.736362199725124E-4	0.25742679823527964	2.900986092636975E-4	0.6812778143771532	1.0018955893042606E-4	2.5913075143471853E-5	0.00482000874093085	6.166443794494753E-5	1.4466371390384227E-4	0.018169770878873236	0.0016495769846565389	0.02837919552739115	1.1356138205243894E-4	8.407334139431785E-4	8.691269925478409E-5	7.313248174559393E-5
42	file:/Users/mlafleur/Projects/SDG_LLM/LLMs/chatgpt-api/results/separates/SDG_2/d_2_79.txt	7.256827142941531E-5	0.0012947713303762592	2.2374432920349127E-4	0.2885875046018672	7.370505750923838E-5	0.6681161336613929	0.003016747899632143	0.009761822653210522	8.55842953076497E-4	4.853486054205505E-5	0.0036702559287094456	0.01600195167849754	6.134284585002026E-5	2.2521099707133846E-4	2.440077448425273E-4	5.070988310579363E-4	0.007181195224536521	5.756113119502799E-5
43	file:/Users/mlafleur/Projects/SDG_LLM/LLMs/chatgpt-api/results/separates/SDG_2/d_2_435.txt	0.007489314830992163	0.037451021496174935	0.0015560294564284844	0.2515736649476399	2.4322392807631598E-4	0.6581632804565831	7.428463622893082E-4	2.172599152036224E-5	0.01277088711022644	0.0025223716622847373	2.860000831673817E-4	0.025281260711565348	7.241895984411558E-4	7.51891403466414E-5	4.2463473021792726E-4	4.604049952785956E-5	5.670033972966127E-4	6.131559722150912E-5
44	file:/Users/mlafleur/Projects/SDG_LLM/LLMs/chatgpt-api/results/separates/SDG_2/d_2_92.txt	3.675000231420303E-4	5.559830205429316E-5	6.652626119926742E-5	0.2606491558310236	0.004089261372004532	0.6949994028872083	7.589973505777135E-5	1.9630743551705043E-5	0.001419051892066334	4.931946570029078E-4	1.0959163484689642E-4	0.018824823097954833	5.9042223801516444E-5	9.608980500008617E-4	8.60297111055244E-5	4.160036785325685E-5	0.016139123991451832	0.0015436692186743825
45	file:/Users/mlafleur/Projects/SDG_LLM/LLMs/chatgpt-api/results/separates/SDG_2/d_2_353.txt	0.0013093225605032713	5.1654573947841345E-5	6.180738532689809E-5	0.2594444066761173	2.0417882356147315E-4	0.6445951781388352	0.020811021181524482	1.8238285288864463E-5	0.0032541754402168814	4.340100915042344E-5	0.024713884201581354	0.0249561126844619	5.4854209619966825E-5	7.544690876398832E-4	7.99274062303598E-5	3.864954860375145E-5	0.017898005859072884	0.001710712928317417
46	file:/Users/mlafleur/Projects/SDG_LLM/LLMs/chatgpt-api/results/separates/SDG_2/d_2_86.txt	0.00244642810745973	0.016031942198331022	3.869868495169949E-4	0.24376173928194014	7.538355674071674E-5	0.6920293620465067	0.0057739503925190675	2.0860143812224174E-5	0.024281111180472163	8.403758957929254E-4	1.164549502417832E-4	2.3535802391245686E-4	6.273981809446967E-5	5.466340664261581E-4	5.658588760937005E-4	5.186470887620651E-4	0.012089148393306007	2.1701913007176514E-4
47	file:/Users/mlafleur/Projects/SDG_LLM/LLMs/chatgpt-api/results/separates/SDG_2/d_2_347.txt	8.322337543411289E-5	6.624624859940871E-5	2.5659641526211196E-4	0.25027558289569996	8.452707432132438E-5	0.66105845438466	0.02527120086927524	0.045597028664451845	0.0018681519101042988	5.566117038439569E-5	8.39897479186791E-4	2.6390536662782477E-4	0.0013116550594040519	6.129370960605637E-4	6.344937456250162E-4	4.956749053132104E-5	0.011250199333853335	4.2067142051841074E-4
48	file:/Users/mlafleur/Projects/SDG_LLM/LLMs/chatgpt-api/results/separates/SDG_2/d_2_421.txt	8.21741989361148E-5	0.0018163489485732525	7.826778275378494E-5	0.3651336316526529	2.5855524741762734E-4	0.6135036462080193	0.007093047023666268	0.006851753077649927	9.691316562857069E-4	5.4959463784371896E-5	1.2893395951016516E-4	0.0027118913670314436	7.698379936676058E-4	7.992859476944531E-5	1.0121348498767297E-4	4.894260544514263E-5	2.5255618482885564E-4	6.518055002052493E-5
49	file:/Users/mlafleur/Projects/SDG_LLM/LLMs/chatgpt-api/results/separates/SDG_2/d_2_409.txt	0.0019691838751214295	0.02785333399546114	2.285144510017461E-4	0.28779146736550737	2.3319878756770596E-4	0.6754114647872322	7.122279144369094E-4	2.0830495261407967E-5	0.002611235223769781	4.956960049310137E-5	1.1628943266236848E-4	7.710113565358993E-5	6.26506459055472E-5	0.002125080870471647	9.128749936567089E-5	2.0206518779055527E-4	3.8571042539003607E-4	5.87883069076955E-5
50	file:/Users/mlafleur/Projects/SDG_LLM/LLMs/chatgpt-api/results/separates/SDG_2/d_2_192.txt	3.8395723104208416E-4	0.006588725722599815	3.804881529496073E-4	0.2595711274406998	7.411763552907913E-5	0.6435566104749486	0.06538567508353055	2.050983799393367E-5	5.49650951142839E-4	4.880654361689938E-5	8.919561767374212E-4	0.008783431127185088	6.16862240485791E-5	0.00800104028249023	8.988225192753682E-5	4.346329536174076E-5	0.005355496855182577	2.1337471301362712E-4
51	file:/Users/mlafleur/Projects/SDG_LLM/LLMs/chatgpt-api/results/separates/SDG_2/d_2_186.txt	0.023588606019859976	0.014078949586298383	6.530171285689869E-5	0.3277263092087222	6.963499234834863E-5	0.6133994663160163	3.6667712179532685E-4	1.9269400616714273E-5	0.0011007569430320947	3.380291907425129E-4	0.014862385245598882	0.0037235038710506886	5.7955434073932794E-5	6.668738989462843E-5	3.766206354573409E-4	4.083463022456239E-5	6.462975202085774E-5	5.438254939053075E-5
52	file:/Users/mlafleur/Projects/SDG_LLM/LLMs/chatgpt-api/results/separates/SDG_2/d_2_151.txt	9.594460015620047E-4	8.019739309239429E-5	9.596035352221649E-5	0.3493520225476465	0.0024637425674705815	0.6341165061971192	1.0948105721093058E-4	2.83162326751399E-5	5.44183447169927E-4	2.820571927030119E-4	0.0014461239785284851	0.002466223029052421	2.998390995124544E-4	9.799659503244384E-5	0.005920292184426791	6.000616799876222E-5	0.001597691226601716	7.991472867473831E-5
53	file:/Users/mlafleur/Projects/SDG_LLM/LLMs/chatgpt-api/results/separates/SDG_2/d_2_145.txt	0.0025058454373630902	0.028813144252567233	7.701474962398771E-4	0.2804463498294365	6.021010953609778E-4	0.6840497837759478	6.078716025354397E-4	2.2843478195362083E-5	9.264081887580574E-5	5.73910069358349E-4	1.275272184380261E-4	8.455190762571381E-5	6.870497535986018E-5	7.905652943050974E-5	2.732926042917741E-4	5.679588582836821E-4	2.49800656653259E-4	6.446939403674195E-5
54	file:/Users/mlafleur/Projects/SDG_LLM/LLMs/chatgpt-api/results/separates/SDG_2/d_2_179.txt	0.009458458896245516	0.016594678804368976	6.266519244197148E-5	0.26725083313281167	2.070125633592659E-4	0.6885885925064992	0.0021743303238493765	1.8491409261101445E-5	2.1518022128175885E-4	4.645704949488378E-4	2.4342017171462692E-4	0.0135265916765651	5.561551558777091E-5	6.399492353833707E-5	3.614147863207017E-4	3.918595469197736E-5	3.423984520125425E-4	3.3256497450134007E-4
55	file:/Users/mlafleur/Projects/SDG_LLM/LLMs/chatgpt-api/results/separates/SDG_2/d_2_178.txt	0.01799007566798084	6.312323394560831E-5	0.0010893477234457816	0.30251643434109754	0.001939207653408727	0.6721368928302196	0.0014379290099394506	2.228765937007306E-5	4.2832588093555634E-4	5.3037162920828914E-5	2.9339385626994343E-4	2.5146420437908995E-4	6.703327202425422E-5	7.713295601740252E-5	9.76733709436687E-5	0.001230017825785003	2.4372260206148368E-4	6.290074925532366E-5
56	file:/Users/mlafleur/Projects/SDG_LLM/LLMs/chatgpt-api/results/separates/SDG_2/d_2_144.txt	8.153179198357122E-5	0.0028444992225055868	7.765591469237199E-5	0.27107354632994207	8.280899212027429E-5	0.7047774127993317	8.85975439558421E-5	2.2914910880574565E-5	9.293051129462161E-5	5.452981138617089E-5	4.753759377662919E-4	0.01641496327007624	0.002674794334817953	7.93037431049119E-5	2.741472037711668E-4	7.43459861408327E-4	7.685682794445527E-5	6.467099301789015E-5
57	file:/Users/mlafleur/Projects/SDG_LLM/LLMs/chatgpt-api/results/separates/SDG_2/d_2_150.txt	0.028439056465676387	5.120849611412634E-5	0.016236237419109064	0.30737370330468883	0.00129902329350273	0.5972204231678282	0.03570965773592743	1.808078336462929E-5	0.007475427972068133	1.8010217164856165E-4	1.009387445270858E-4	0.002945518716103398	5.438050041810347E-5	6.257383266978575E-5	0.0018612247063639167	3.831577938260497E-5	7.460229400819757E-4	1.8810397052528835E-4
58	file:/Users/mlafleur/Projects/SDG_LLM/LLMs/chatgpt-api/results/separates/SDG_2/d_2_187.txt	0.0016521544332436773	7.287575191167945E-5	6.724256007522403E-4	0.2710299146491831	9.298600642747802E-5	0.639038934526581	0.04126037930994543	0.0015863336866865228	1.0435143453985903E-4	4.51382034276965E-4	0.02589359054372117	0.015116039957776462	7.738988953064477E-5	2.841252951819399E-4	0.0012832158169088729	5.4527889793254114E-5	0.0010616789561769249	2.6769421736291214E-4
59	file:/Users/mlafleur/Projects/SDG_LLM/LLMs/chatgpt-api/results/separates/SDG_2/d_2_193.txt	0.017298061931926362	0.0024073028324921443	2.265822014522862E-4	0.2980415385569197	0.0011707491052523377	0.6507533577809286	0.0071262737357619945	2.0654358851183417E-5	0.0032155035208787795	4.915045484257545E-5	1.1530612415437794E-4	0.017614196487714052	5.318819791531348E-4	7.148044244498684E-5	5.6027668798322E-4	4.376955583568676E-5	6.927491504556258E-5	6.846393283630387E-4
60	file:/Users/mlafleur/Projects/SDG_LLM/LLMs/chatgpt-api/results/separates/SDG_2/d_2_408.txt	0.020933586065234103	0.0017035956993479446	7.340916413753183E-5	0.3629953443020848	7.828043644456509E-5	0.608428389778499	8.375243112132792E-5	2.1661768594095874E-5	9.08971000890084E-4	5.154775254780789E-5	0.0012705017251977452	0.002215096628268937	2.2937532911301316E-4	4.03415901503326E-4	2.591549807790726E-4	4.590440191391761E-5	2.368782885337801E-4	6.113434578929511E-5
61	file:/Users/mlafleur/Projects/SDG_LLM/LLMs/chatgpt-api/results/separates/SDG_2/d_2_346.txt	2.588999275970116E-4	2.4203049280402161E-4	7.87642635427467E-5	0.2943249517900631	4.363998247162004E-4	0.6706090705743708	0.021058193757557936	0.009890692176974558	9.42568677707014E-5	5.530809149529629E-5	1.2975183414119874E-4	8.60268515925092E-5	6.99034815998901E-5	8.043561068832695E-5	0.0015114912631615403	4.925306605243603E-5	7.79537717797463E-5	9.466163540920224E-4
62	file:/Users/mlafleur/Projects/SDG_LLM/LLMs/chatgpt-api/results/separates/SDG_2/d_2_87.txt	0.014517307887345112	8.091388445130823E-4	0.004337840695338327	0.31235708499741993	8.818637350653035E-5	0.6362098454933991	0.009899678093680348	0.005019569665885505	0.003614082480888661	5.807082287823394E-5	1.362331545860761E-4	9.032403625833983E-5	7.3395277052804E-5	0.001934515253771325	1.0694337162145438E-4	5.1713338819225285E-5	0.010627199668916492	6.887054411953863E-5
63	file:/Users/mlafleur/Projects/SDG_LLM/LLMs/chatgpt-api/results/separates/SDG_2/d_2_420.txt	0.007498407018448995	0.0029648072385007615	0.0020084803992814074	0.3030970030353627	7.691623115048647E-5	0.6575293558619945	2.4365541019662445E-4	2.1284265596701392E-5	7.317676767603122E-4	5.347370588829368E-4	2.801852207807427E-4	0.02057182400233538	6.401542404654414E-5	0.0029781862407800425	9.327610110919271E-5	6.90554601463275E-4	5.55475265236221E-4	6.0068948073547195E-5
64	file:/Users/mlafleur/Projects/SDG_LLM/LLMs/chatgpt-api/results/separates/SDG_2/d_2_434.txt	0.0013330386260486501	0.0016728897236798828	9.721196148787431E-4	0.31595381673974143	2.6353880006549303E-4	0.6635209834441905	8.04891362865066E-4	2.3540618642228386E-5	4.5240534460247363E-4	0.012191886997217877	6.668250623232837E-4	8.713227451036608E-5	7.080172336008528E-5	0.0013307497387279824	2.816329860257565E-4	2.2835460544523843E-4	7.895545769831152E-5	6.643687997665014E-5
65	file:/Users/mlafleur/Projects/SDG_LLM/LLMs/chatgpt-api/results/separates/SDG_2/d_2_352.txt	5.081589291124107E-4	5.4718791472292463E-5	3.584186724721805E-4	0.3562736434380331	0.0013880701467274313	0.6328863282027795	7.469907572667933E-5	1.6579260017431712E-4	8.107143007046756E-4	4.5975614314176784E-5	2.543303984444181E-4	5.109281947358848E-4	4.975254209249591E-4	0.005925759040314286	8.466880549351696E-5	4.094229085467635E-5	6.480014856390001E-5	5.4525929151836055E-5
66	file:/Users/mlafleur/Projects/SDG_LLM/LLMs/chatgpt-api/results/separates/SDG_2/d_2_93.txt	0.04272346038886923	4.4580713740501304E-4	8.395680453611781E-5	0.26846354618548807	8.95279952958652E-5	0.6053195275761091	0.020004787110642255	2.1259495707419258E-4	6.639330493614752E-4	5.8954282285851756E-5	5.139472614072324E-4	0.017559029147723962	2.623326378661642E-4	2.7355909848998704E-4	1.085703526604428E-4	5.2500078758746556E-5	0.00684464035266453	0.03631932558336186
67	file:/Users/mlafleur/Projects/SDG_LLM/LLMs/chatgpt-api/results/separates/SDG_2/d_2_78.txt	0.0020367513649074158	0.015566804725743852	7.414149511166621E-4	0.31281779753853967	0.00547976646865435	0.6564228150643568	3.24782603660058E-4	2.83710474227124E-5	0.0020508641671704232	0.0015731408746876973	3.734753332126031E-4	0.0011804594858143807	7.305987546050171E-4	9.818629747913917E-5	1.2433319232704697E-4	6.0122328329459504E-5	3.1024637384569607E-4	8.006942812681186E-5
68	file:/Users/mlafleur/Projects/SDG_LLM/LLMs/chatgpt-api/results/separates/SDG_2/d_2_385.txt	8.512537387045701E-5	6.776024945064181E-5	2.624607049289787E-4	0.2701432145814981	0.024028888264003605	0.6692738574125351	9.250255476740915E-5	2.3924904732992622E-5	2.784085421450296E-4	5.693325840634835E-5	0.003761205265469885	0.003353431391053882	2.533395587386811E-4	2.641811627562775E-4	0.0019186688388781725	5.070031275815698E-5	0.02601787620291051	6.752142109584575E-5
69	file:/Users/mlafleur/Projects/SDG_LLM/LLMs/chatgpt-api/results/separates/SDG_2/d_2_44.txt	0.04562162601690349	0.008846303437482028	8.174588968135276E-5	0.26669720506501904	8.717036894490262E-5	0.6597858285661127	2.7613849098646345E-4	2.06996490681379E-4	0.0019265719600072965	5.7401782769249384E-5	0.0015976611920383733	0.0026495291930874036	7.254968228206475E-5	2.663552050372835E-4	0.0012029594612510005	5.111754395831695E-5	0.010504762574480941	6.807707927678656E-5
70	file:/Users/mlafleur/Projects/SDG_LLM/LLMs/chatgpt-api/results/separates/SDG_2/d_2_391.txt	0.014351545096861843	8.907081675248252E-4	4.9834883798043E-4	0.301892545579948	9.707644575379349E-5	0.6622623937686871	7.148322949618046E-4	2.6863001783914728E-5	0.001330881771880713	6.392494512317796E-5	0.010536456269732479	0.0025433094757371173	8.079425820672346E-5	5.002805765683016E-4	1.1772433768544878E-4	5.6926562812567814E-5	0.00395957522200701	7.58133867446034E-5
71	file:/Users/mlafleur/Projects/SDG_LLM/LLMs/chatgpt-api/results/separates/SDG_2/d_2_50.txt	0.002609207342161594	0.017506710328598643	0.0016363108809941027	0.2579043579180163	9.233754646307367E-5	0.6849483241693755	0.01307769180244471	2.555165319557373E-5	2.9733863499005237E-4	4.4823421463048634E-4	0.0053729488583884166	0.008811747231338405	7.68501927855282E-5	0.0028004378390572046	0.001855411766904538	6.352923863917135E-4	0.0018291347659235852	7.211246834074817E-5
72	file:/Users/mlafleur/Projects/SDG_LLM/LLMs/chatgpt-api/results/separates/SDG_2/d_2_232.txt	0.00197302514757484	7.04036299462585E-5	8.42416063463164E-5	0.291235355546163	0.001974410662014633	0.6993403715298079	9.61111520061929E-5	2.4858234038055877E-5	0.00123155896085311	0.0010014437525267476	7.041485915726246E-4	2.8046713837714406E-4	7.476463708670332E-5	4.6294497379942734E-4	1.0893864958577766E-4	4.2959396495431185E-4	8.372063386371298E-4	7.015548470995763E-5
73	file:/Users/mlafleur/Projects/SDG_LLM/LLMs/chatgpt-api/results/separates/SDG_2/d_2_226.txt	0.003020687484438829	0.003004133081304075	2.502072666676695E-4	0.27568706461922804	2.553362860499546E-4	0.6299006803341974	4.340117152469944E-4	3.6863573306236057E-4	9.249664890632669E-5	5.4275229399354206E-5	0.021049910927303767	0.058010577573140445	6.859805495133088E-5	2.518474019043019E-4	9.9953397245046E-5	4.8333279748856566E-5	7.649800836556544E-5	0.007326752958839784
74	file:/Users/mlafleur/Projects/SDG_LLM/LLMs/chatgpt-api/results/separates/SDG_2/d_2_222.txt	7.507573943145855E-5	0.0014994785053699226	7.150677146812697E-5	0.24512960641933007	7.62518051394742E-5	0.6684861547173668	0.009839669428494402	2.1100405578130364E-5	2.4554050355632553E-4	3.7014918957714945E-4	0.040269926513648975	0.028072613303720694	0.002622960782769679	2.3299276391986962E-4	0.0013722195253219754	2.0468343945239469E-4	0.0013505201317903232	5.955005406434745E-5
75	file:/Users/mlafleur/Projects/SDG_LLM/LLMs/chatgpt-api/results/separates/SDG_2/d_2_236.txt	2.564597029380584E-4	0.01071236993458576	7.80218821140409E-5	0.25053306929965613	8.319924434326735E-5	0.6826154257696608	0.029412352940478764	0.01625558493375775	0.0013151742073544887	5.478679289950627E-5	0.0039684897874305725	7.83390728731635E-4	4.1833197175074636E-4	7.967747621343002E-5	1.0089549385730599E-4	9.215072270734731E-4	0.0021717431627202278	2.395194444341157E-4
76	file:/Users/mlafleur/Projects/SDG_LLM/LLMs/chatgpt-api/results/separates/SDG_2/d_2_68.txt	6.720581429368138E-4	0.02331815792627298	8.61451201304191E-4	0.31272568025607755	9.233754646307367E-5	0.6198601110754228	0.02760631079663055	2.555165319557373E-5	0.0012659132346024414	6.080437478553049E-5	0.0011112206200939029	0.010748896430563183	7.68501927855282E-5	2.8214388006499164E-4	0.0010805520872146275	5.4147626624279804E-5	8.570048662128424E-5	7.211246834074817E-5
77	file:/Users/mlafleur/Projects/SDG_LLM/LLMs/chatgpt-api/results/separates/SDG_2/d_2_395.txt	0.0046276236607809915	0.0037018141919690243	6.789028586116493E-5	0.3112530821381332	7.239533742138264E-5	0.658066418202411	7.745594922919734E-5	2.0033243524696254E-5	0.010408959150901034	4.767240843956209E-5	0.009528284797991067	2.260283846061752E-4	6.025279911278056E-5	3.7308721868415485E-4	8.779362576852286E-5	6.499659777012623E-4	3.7094801563208223E-4	3.602946118327869E-4
78	file:/Users/mlafleur/Projects/SDG_LLM/LLMs/chatgpt-api/results/separates/SDG_2/d_2_54.txt	7.167061901256149E-5	8.206158937698623E-4	3.736898046975651E-4	0.28135262981274456	7.279334331646103E-5	0.6323633293079391	2.3059491683432348E-4	4.782828001103847E-4	8.169067682188865E-5	4.793449575439967E-5	0.03600004143340375	0.046652065611524345	2.1329718942323368E-4	6.971204998765972E-5	3.9370256666022423E-4	4.2686717652921496E-5	6.784136467803274E-4	5.6849113566437874E-5
79	file:/Users/mlafleur/Projects/SDG_LLM/LLMs/chatgpt-api/results/separates/SDG_2/d_2_381.txt	7.18681728709312E-5	0.0011291460118078374	6.84516869528178E-5	0.2689586230483347	0.059182749132290755	0.6658051387951434	7.80964510904092E-5	1.733329839051933E-4	2.3504993077706768E-4	2.0120070371799125E-4	1.1276347334050814E-4	7.476338697118736E-5	6.075104399079197E-5	0.0017543790926414194	8.541900157351276E-4	4.2804379895687884E-5	6.802836352824308E-4	5.164080552518321E-4
80	file:/Users/mlafleur/Projects/SDG_LLM/LLMs/chatgpt-api/results/separates/SDG_2/d_2_40.txt	7.787882783393399E-5	0.001223581515156674	2.4011797097587471E-4	0.32298168835251284	5.769228990016498E-4	0.6247455682387058	0.04156996924809734	2.1888227351335587E-5	8.876683700379877E-5	5.2086648526211915E-5	0.001449725303971769	0.004893315765805424	5.636560189383517E-4	7.575060483275595E-5	0.0012575124560902382	4.638430057796721E-5	7.341332167155864E-5	6.177346294687938E-5
81	file:/Users/mlafleur/Projects/SDG_LLM/LLMs/chatgpt-api/results/separates/SDG_2/d_2_418.txt	0.0010439051917131897	0.01232383488726768	7.212985126066473E-5	0.33343316162102093	2.3827877681888146E-4	0.6131546558031856	8.229286452822924E-5	2.128426559670139E-5	0.02412933679867761	5.0649421877751214E-5	2.801852207807427E-4	0.012342334173247224	6.401542404654414E-5	2.3502296441732458E-4	9.32761011091927E-5	4.51044187896944E-5	0.0013622879935781965	0.001028244222083918
82	file:/Users/mlafleur/Projects/SDG_LLM/LLMs/chatgpt-api/results/separates/SDG_2/d_2_356.txt	8.077403875079975E-5	6.429656359828937E-5	2.4904455847392246E-4	0.2806019258025091	9.425912424646821E-4	0.6792950983244864	8.77741219051937E-5	2.2701940610009137E-5	6.08397943112496E-4	5.402301348740012E-5	0.014067677419129466	0.020220941873739882	4.1250003068357975E-4	0.0014554496953889694	4.4370966532504243E-4	4.810867595879438E-5	0.0012809151469958253	6.40699433802749E-5
83	file:/Users/mlafleur/Projects/SDG_LLM/LLMs/chatgpt-api/results/separates/SDG_2/d_2_97.txt	9.269099031831776E-5	8.637928418226859E-4	8.828462446110802E-5	0.33227050447330414	9.414299992862477E-5	0.6132173391091064	0.02241851540969838	2.6051258422045253E-5	0.0012906653265092156	6.199326785646676E-5	7.379428843776501E-4	0.02735178114546766	4.733579865723736E-4	9.015798997555375E-5	1.1416695603408525E-4	4.502115226867136E-4	2.8487874765900986E-4	7.352246579966175E-5
