#doc name topic proportion ...
0	file:/Users/mlafleur/Projects/SDG_LLM/LLMs/chatgpt-api/results/separates/SDG_3/d_3_12.txt	9.044035273580462E-5	2.6469800477255616E-4	8.614097821147935E-5	4.548503360396765E-4	0.460661596505667	0.5133439695760784	9.827814318746855E-5	2.5418705667186722E-5	0.024191460043259942	6.048800420547526E-5	1.4190382052630462E-4	9.408374833100209E-5	7.645033438463729E-5	8.79688563833245E-5	1.11394858756356E-4	5.386589169806503E-5	8.525457935294994E-5	7.173726074230403E-5
1	file:/Users/mlafleur/Projects/SDG_LLM/LLMs/chatgpt-api/results/separates/SDG_3/d_3_221.txt	8.269545953255263E-5	6.582602473956263E-5	0.0016646044761228784	6.349012241650402E-5	0.3690561470155645	0.627262771430514	4.422709940162292E-4	2.3241965364853516E-5	4.466658038996195E-4	2.3151255955975534E-4	1.2975183414119877E-4	8.602685159250922E-5	6.99034815998901E-5	8.043561068832696E-5	1.018555186458683E-4	4.9253066052436033E-5	7.795377177974632E-5	6.559401376972749E-5
2	file:/Users/mlafleur/Projects/SDG_LLM/LLMs/chatgpt-api/results/separates/SDG_3/d_3_235.txt	8.064911380798222E-5	2.3604131193526778E-4	7.681519747720065E-5	6.191902357632743E-5	0.43072345075869106	0.5411128390604149	0.009195380401142006	2.266682984080145E-5	0.015901589839907637	5.3939461618815655E-5	1.2654105192230937E-4	2.5574225794956887E-4	6.817368057437902E-5	5.939777539599797E-4	7.86711803484861E-4	4.803427119104814E-5	4.1971314029852545E-4	2.3581504220756205E-4
3	file:/Users/mlafleur/Projects/SDG_LLM/LLMs/chatgpt-api/results/separates/SDG_3/d_3_209.txt	1.0153450763830179E-4	8.082200703035208E-5	9.670773659777707E-5	7.795395727763793E-5	0.4362567103099833	0.5616034185149894	1.1033374570415278E-4	2.8536772432323425E-5	1.1572974761521675E-4	6.790795855216784E-5	1.5931090617505095E-4	3.219708564317418E-4	8.582835897603295E-5	9.875983728720331E-5	1.2505946510740524E-4	4.931655723183261E-4	9.571260479046484E-5	8.05371410930678E-5
4	file:/Users/mlafleur/Projects/SDG_LLM/LLMs/chatgpt-api/results/separates/SDG_3/d_3_194.txt	9.540432476445719E-5	7.594234892345333E-5	9.086897178323895E-5	7.32474587189989E-5	0.4259769928555953	0.5703860590354471	0.0017299447410136207	2.681385440466522E-5	1.0874252195837477E-4	6.380799082496715E-5	1.4969245219948295E-4	9.924769430133872E-5	8.064644054728204E-5	9.27971761462405E-5	7.273611176291407E-4	5.682241245013156E-5	8.993392142118407E-5	7.567468187087042E-5
5	file:/Users/mlafleur/Projects/SDG_LLM/LLMs/chatgpt-api/results/separates/SDG_3/d_3_180.txt	5.871015819886667E-4	0.015124416094385387	2.448721989271636E-4	0.0031070607007213534	0.28641262955484104	0.6657146008973003	0.020731988994078288	3.6077546332019154E-4	9.052438049758987E-5	5.311794076687955E-5	9.707484253440485E-4	5.903010539163336E-4	2.3636229598775535E-4	0.0049848313868370185	9.782213162555345E-5	2.1652961834140396E-4	7.486687245940431E-5	4.014504086619131E-4
6	file:/Users/mlafleur/Projects/SDG_LLM/LLMs/chatgpt-api/results/separates/SDG_3/d_3_157.txt	0.008650253282663797	4.236091725504676E-4	7.97763640720174E-5	0.001848992455774085	0.36648120893114555	0.5584029484991583	0.059699545916108945	2.3540618642228386E-5	0.0011662799452478532	7.698933868917925E-4	4.883564121619388E-4	8.713227451036608E-5	2.492703735214304E-4	2.5993783775991246E-4	1.0316433586441154E-4	4.0682325560658354E-4	7.928300583436923E-4	6.643687997665014E-5
7	file:/Users/mlafleur/Projects/SDG_LLM/LLMs/chatgpt-api/results/separates/SDG_3/d_3_4.txt	7.893987852053115E-5	3.992409884487146E-4	7.518721621440395E-5	9.016178093838212E-4	0.3169731458902066	0.6734576677227776	0.004795442974508834	2.2186440862060902E-5	4.263806561862269E-4	5.279629678002399E-5	1.2385920681522297E-4	8.211997675087856E-5	6.672884311726101E-5	0.0017588047904497064	6.018364304549128E-4	4.701625788066992E-5	7.441353260861957E-5	6.261508803416288E-5
8	file:/Users/mlafleur/Projects/SDG_LLM/LLMs/chatgpt-api/results/separates/SDG_3/d_3_143.txt	8.32233754341129E-5	6.624624859940872E-5	0.0048671590474369366	6.38954342124012E-5	0.4671699875800323	0.5254015153995163	4.4509438833388387E-4	2.339033872378974E-5	9.485859003705911E-5	5.5661170384395694E-5	1.3058015115989538E-4	2.6390536662782477E-4	2.4767906736370803E-4	2.582784320471159E-4	1.0250574960484442E-4	5.81555486551493E-4	7.845141742972217E-5	6.601275650496282E-5
9	file:/Users/mlafleur/Projects/SDG_LLM/LLMs/chatgpt-api/results/separates/SDG_3/d_3_396.txt	8.498663842113681E-5	6.109091006393662E-4	8.09465238364087E-5	6.524919394155017E-5	0.4089794733936019	0.5852455054711051	9.235179615202318E-5	2.3885912453051205E-5	9.686836962051327E-5	2.379268982901254E-4	1.3334676746425947E-4	2.6949675922184683E-4	7.184024308819353E-5	0.003342219889756425	4.6685040731072317E-4	5.0617682511130023E-5	8.011357640743518E-5	6.74113761789362E-5
10	file:/Users/mlafleur/Projects/SDG_LLM/LLMs/chatgpt-api/results/separates/SDG_3/d_3_382.txt	7.486018434888543E-5	5.958910410332951E-5	3.9032016263255254E-4	5.7474525146835264E-5	0.41113162671442205	0.5464562782401676	0.04075623189814164	2.1039822762680732E-5	8.532616587837732E-5	2.095770793909588E-4	1.1745803552361394E-4	7.787593182953874E-5	6.328022782359359E-5	7.281445291410508E-5	9.220485557347349E-5	2.0409575885108942E-4	7.056776465249081E-5	5.937907583731588E-5
11	file:/Users/mlafleur/Projects/SDG_LLM/LLMs/chatgpt-api/results/separates/SDG_3/d_3_355.txt	4.4140436681561267E-4	6.677913406501688E-5	0.0011524393336705455	2.431651805758718E-4	0.40425200495154384	0.5895110335220969	9.116319016312111E-5	2.0233426170668714E-4	0.0029557139673995285	5.610890937828113E-5	3.103863100326146E-4	8.727245308244713E-5	2.496714001813989E-4	8.160025538545045E-5	1.0333030684786662E-4	4.996621190542535E-5	7.908248139165995E-5	6.65437637579009E-5
12	file:/Users/mlafleur/Projects/SDG_LLM/LLMs/chatgpt-api/results/separates/SDG_3/d_3_433.txt	7.753145459801536E-5	3.9211783891366953E-4	8.99851720057899E-4	5.9525414954855053E-5	0.30867457779417456	0.6470695145557996	0.030646471557115612	2.1790596395978E-5	0.0015751816513481312	5.185431955889247E-5	4.520517339216939E-4	8.065481437743638E-5	8.915442589616212E-4	0.0020578270614681413	2.606962384273365E-4	4.617740654738487E-5	0.0066811336567792964	6.149792660003663E-5
13	file:/Users/mlafleur/Projects/SDG_LLM/LLMs/chatgpt-api/results/separates/SDG_3/d_3_427.txt	7.147414826342354E-5	5.689380140605231E-5	6.807639357874997E-5	2.0716937537825804E-4	0.4333504673956655	0.5627064806886248	2.2996278672742562E-4	2.008816067787824E-5	5.383502603273494E-4	4.7803092866854265E-5	1.121452360659361E-4	7.435348905629016E-5	6.041797017928513E-5	0.0014401715150172971	8.495068316184055E-4	4.256970050543404E-5	6.737588101418565E-5	5.6693273026979586E-5
14	file:/Users/mlafleur/Projects/SDG_LLM/LLMs/chatgpt-api/results/separates/SDG_3/d_3_341.txt	4.3372874668577813E-4	6.561790571247436E-5	2.5416260903532065E-4	6.328938870123993E-5	0.41830011506327575	0.574341846898662	0.003075583247800116	2.3168482342925786E-5	0.0013234904554514726	4.064279679938905E-4	1.2934160390792518E-4	8.575486456719916E-5	5.966245832813046E-4	4.314760426986917E-4	1.0153348687305476E-4	4.909734496448484E-5	7.770730902880777E-5	2.4103399901770402E-4
15	file:/Users/mlafleur/Projects/SDG_LLM/LLMs/chatgpt-api/results/separates/SDG_3/d_3_369.txt	9.575470203754224E-5	7.622125109264918E-5	9.120269274002009E-5	0.0023178533446328114	0.452025090261272	0.5428963903726782	5.121142985510707E-4	2.6912329659433817E-5	1.0914188444436513E-4	2.6807295447541044E-4	1.5024220540336088E-4	9.961218654605757E-5	8.094261873409626E-5	9.313797853238374E-5	5.260017630845077E-4	2.610617212059153E-4	2.942948338909467E-4	7.595260101909516E-5
16	file:/Users/mlafleur/Projects/SDG_LLM/LLMs/chatgpt-api/results/separates/SDG_3/d_3_368.txt	8.230389704380029E-5	6.551433892008241E-5	7.839131524266014E-5	2.3855963807946812E-4	0.4041363980548927	0.5934275412765425	8.943656159973194E-5	2.3131914802788794E-5	2.6918070308495234E-4	4.0578649002341176E-4	3.0450760100950635E-4	2.6098965598239524E-4	6.9572489047428E-5	8.005474856985674E-5	1.0137323339587296E-4	4.9019853089702774E-5	2.529548021525491E-4	6.52834265207526E-5
17	file:/Users/mlafleur/Projects/SDG_LLM/LLMs/chatgpt-api/results/separates/SDG_3/d_3_426.txt	5.200501966445874E-4	7.867729549847064E-5	9.414147766009051E-5	7.588535297947496E-5	0.46448444906810293	0.532168833778109	1.0740590382714388E-4	2.777951401760358E-5	1.1265871617944861E-4	6.610593720718112E-5	1.5508339500349837E-4	1.0282194694766401E-4	8.355079772728507E-5	9.385591878500098E-4	3.32345874253603E-4	4.8007881626089703E-4	9.317275290131995E-5	7.839998882979625E-5
18	file:/Users/mlafleur/Projects/SDG_LLM/LLMs/chatgpt-api/results/separates/SDG_3/d_3_340.txt	1.0761089823312688E-4	8.565884619761919E-5	5.610820179607869E-4	5.412059080071624E-4	0.46053039527321543	0.5360552048601375	1.1693673172617423E-4	3.0244571875564357E-5	3.5194903627201133E-4	7.197194911319073E-5	1.6884495833575667E-4	1.1194601039001039E-4	9.096480613456038E-5	1.04670176150284E-4	5.911304718544257E-4	2.933859718161968E-4	1.0144058028453814E-4	8.535693229563441E-5
19	file:/Users/mlafleur/Projects/SDG_LLM/LLMs/chatgpt-api/results/separates/SDG_3/d_3_354.txt	2.5808137594881636E-4	6.561790571247436E-5	7.851523829835901E-5	2.389367594382017E-4	0.4353379100247611	0.5581822887908615	8.957794527176666E-5	5.50110594553811E-4	4.452536017666641E-4	5.513322651996699E-5	4.806363453818486E-4	2.6140223530416096E-4	6.968247107041927E-5	0.0016610076378574241	8.04122969820902E-4	9.273341986492936E-4	4.290020505027313E-4	6.538662828074224E-5
20	file:/Users/mlafleur/Projects/SDG_LLM/LLMs/chatgpt-api/results/separates/SDG_3/d_3_432.txt	2.4129759392531425E-4	3.8979960593151305E-4	0.0030294503743245028	5.518470308266967E-4	0.36843386012807644	0.6041585524748956	0.008294978014974025	2.1661768594095874E-5	0.010269768166482158	5.154775254780789E-5	1.2093014345836802E-4	8.017797646723701E-5	6.515081743595921E-5	0.0038521306467214573	9.493046910201875E-5	2.101289135909715E-4	7.265377685672619E-5	6.113434578929511E-5
21	file:/Users/mlafleur/Projects/SDG_LLM/LLMs/chatgpt-api/results/separates/SDG_3/d_3_383.txt	8.457313216707423E-5	6.732066212342243E-5	8.055267493883123E-5	6.49317210979524E-5	0.3304022942750012	0.6570029801233621	9.190245439675173E-5	2.3769694487888444E-5	0.003880709284845722	7.773852876506767E-4	0.004818036917468986	8.798016639337469E-5	7.149070120299577E-5	0.0020645207599695025	1.0416823715686547E-4	5.037139993455854E-5	7.972378025247212E-5	2.472887275499166E-4
22	file:/Users/mlafleur/Projects/SDG_LLM/LLMs/chatgpt-api/results/separates/SDG_3/d_3_397.txt	0.0013958141091526834	4.435577846420611E-4	2.704062938924229E-4	6.733425151077585E-5	0.33496567075894046	0.6607566234691019	9.530292550652303E-5	2.4649193952018224E-5	2.8683692703561624E-4	5.865682411028412E-5	1.3760790342683078E-4	6.518548082209437E-4	7.413591961042354E-5	8.530573629989991E-5	2.948956525459337E-4	5.223518574268008E-5	2.695467293784459E-4	6.956552693028063E-5
23	file:/Users/mlafleur/Projects/SDG_LLM/LLMs/chatgpt-api/results/separates/SDG_3/d_3_142.txt	8.140451401445595E-5	6.479842525475406E-5	7.753468729295674E-5	4.094065252353135E-4	0.4274727651911843	0.569944340637695	2.6191300420904653E-4	2.2879138781760344E-5	2.6623920742220456E-4	5.748059911369046E-4	1.2772629912759302E-4	8.468390024878278E-5	6.881222959184959E-5	2.526337117611441E-4	1.0026546852664095E-4	4.848418436011189E-5	7.673684798650977E-5	6.457003617085258E-5
24	file:/Users/mlafleur/Projects/SDG_LLM/LLMs/chatgpt-api/results/separates/SDG_3/d_3_5.txt	8.457313216707423E-5	6.732066212342243E-5	8.055267493883123E-5	6.49317210979524E-5	0.5075441478281012	0.48959221516829593	9.190245439675173E-5	2.3769694487888444E-5	6.370130855010612E-4	2.367692544265671E-4	4.931086516761047E-4	8.798016639337469E-5	7.149070120299577E-5	4.4267266029717216E-4	2.843735815649021E-4	5.037139993455854E-5	7.972378025247212E-5	6.708338314187987E-5
25	file:/Users/mlafleur/Projects/SDG_LLM/LLMs/chatgpt-api/results/separates/SDG_3/d_3_156.txt	4.316815062036461E-4	6.530818302530229E-5	7.814463898822132E-5	2.3780895545857364E-4	0.4984902995275009	0.49890648712897473	2.639734275693102E-4	2.3059124926973003E-5	9.351536563411782E-5	5.487299250480268E-5	1.28731099371236E-4	8.535009354009245E-5	6.935356325243297E-5	2.546211365660893E-4	4.506908365148532E-4	2.236838995032005E-4	7.73405232208185E-5	6.507799724480255E-5
26	file:/Users/mlafleur/Projects/SDG_LLM/LLMs/chatgpt-api/results/separates/SDG_3/d_3_181.txt	3.0200357478889835E-4	4.878659274118474E-4	2.974178831159166E-4	7.406044532934162E-5	0.414672840934256	0.5650010762481159	1.0482298304114377E-4	0.01503155631575757	7.265704958237166E-4	6.451620709732383E-5	1.513539154288684E-4	1.0034926216438114E-4	2.8708189018225745E-4	0.0021492305526123858	3.2435354761080934E-4	5.745309454200522E-5	9.093211405762119E-5	7.651460866394842E-5
27	file:/Users/mlafleur/Projects/SDG_LLM/LLMs/chatgpt-api/results/separates/SDG_3/d_3_195.txt	7.518398315165101E-5	5.984684966907121E-5	7.124070224529683E-4	3.781217008432933E-4	0.4095457424985934	0.5750925929967778	7.224967708833975E-4	2.113082800772803E-5	0.010819047546448107	5.0284291817683694E-5	7.587632392330272E-4	7.821277488850235E-5	6.355393890494117E-5	0.0010343251326191303	4.130022531737326E-4	4.4779262479287904E-5	7.087299710559069E-5	5.9635912950831965E-5
28	file:/Users/mlafleur/Projects/SDG_LLM/LLMs/chatgpt-api/results/separates/SDG_3/d_3_208.txt	9.772872772920811E-5	7.025030083885672E-4	5.095564916506233E-4	7.503203830307181E-5	0.3747172762666001	0.5655414648826752	5.226717621627578E-4	2.7467139282771948E-5	0.0121891267252755	6.900730123511393E-4	1.5333951516599263E-4	1.0166573599335087E-4	2.9084809420852143E-4	0.04382478762500604	1.2037190803130999E-4	5.8206817028115544E-5	3.003618525403024E-4	7.751839760735833E-5
29	file:/Users/mlafleur/Projects/SDG_LLM/LLMs/chatgpt-api/results/separates/SDG_3/d_3_234.txt	7.764690084511406E-5	0.0013853848124880414	5.702972546355918E-4	2.2506123317277444E-4	0.4284216210865041	0.5653094253098148	2.4982316170150406E-4	0.0010145061435774265	4.193968518022982E-4	3.8282589873437993E-4	1.218304832814605E-4	8.077491138423954E-5	2.3108305670953657E-4	7.552501579695777E-5	4.2653160496040183E-4	4.624616584403791E-5	7.349834268110872E-4	2.2703668193641946E-4
30	file:/Users/mlafleur/Projects/SDG_LLM/LLMs/chatgpt-api/results/separates/SDG_3/d_3_220.txt	3.8181992171001944E-4	5.7764729253842464E-5	6.91185040631893E-5	2.1034071520381278E-4	0.35633160618076515	0.639510356010437	7.885722196640338E-5	7.935247950730054E-4	8.271382737498686E-5	4.8534860542055054E-5	5.77739425903405E-4	6.9399498960764E-4	6.134284585002027E-5	8.437142976325466E-4	8.938191970222534E-5	4.322135563703024E-5	6.84072680826266E-5	5.7561131195028E-5
31	file:/Users/mlafleur/Projects/SDG_LLM/LLMs/chatgpt-api/results/separates/SDG_3/d_3_13.txt	6.12279841720282E-4	6.593058010473145E-5	6.083424015795663E-4	9.46012687700566E-4	0.3722896058642365	0.6003745636018997	0.0011489108553090841	5.527319140543143E-4	0.0011533126457287297	5.848489727078797E-4	3.064422706813387E-4	8.616349312476283E-5	7.001451343075283E-5	0.020376262935245942	4.5498598985365676E-4	4.933129760792143E-5	2.545619343963633E-4	6.569820061816193E-5
32	file:/Users/mlafleur/Projects/SDG_LLM/LLMs/chatgpt-api/results/separates/SDG_3/d_3_39.txt	2.588999275970116E-4	6.582602473956263E-5	7.876426354274671E-5	6.349012241650402E-5	0.3498498599965385	0.6424163556840575	0.003261542483047574	0.0010804687737516086	9.425686777070142E-5	5.839214956886734E-4	1.2975183414119877E-4	8.602685159250922E-5	6.99034815998901E-5	8.043561068832696E-5	0.0015114912631615407	4.9253066052436033E-5	7.795377177974632E-5	2.4179848183418653E-4
33	file:/Users/mlafleur/Projects/SDG_LLM/LLMs/chatgpt-api/results/separates/SDG_3/d_3_11.txt	7.606130072082016E-5	2.226138436237642E-4	0.0010448573479924104	5.839669216690708E-5	0.3104387070472925	0.6706169325349619	8.929961886033658E-4	2.1377402422718496E-5	5.729011403252361E-4	0.007506028703911054	2.8141127023224296E-4	7.912543525400532E-5	3.8843283518320604E-4	0.0010463946130196248	7.419588417046969E-4	4.5301789114093546E-5	0.0055820339234616935	3.8446909000989745E-4
34	file:/Users/mlafleur/Projects/SDG_LLM/LLMs/chatgpt-api/results/separates/SDG_3/d_3_236.txt	9.252652227618935E-5	7.365160286727206E-5	6.795843885688083E-4	6.624944157074732E-4	0.4373774177657749	0.5587010357600536	2.9769724335027085E-4	2.6005033870414715E-5	1.0546238239400027E-4	6.188326890884002E-5	1.451770875922899E-4	9.625395934938146E-5	7.821379896787877E-5	8.786065679177037E-4	1.139643816989724E-4	5.510840545577264E-5	4.8152540544837643E-4	7.339200979783249E-5
35	file:/Users/mlafleur/Projects/SDG_LLM/LLMs/chatgpt-api/results/separates/SDG_3/d_3_222.txt	3.065400314424607E-4	7.793865328848642E-5	9.277688672047115E-4	7.517292222705692E-5	0.38981618267742185	0.5964371298227024	1.0639755022696483E-4	0.009415769863494643	1.116010478576595E-4	6.548531806613883E-5	1.5362743314192845E-4	1.0185662868593272E-4	8.276640185439405E-5	0.0019728867752005553	1.2059792437212332E-4	5.8316109071502144E-5	9.229802369669595E-5	7.766395004446327E-5
36	file:/Users/mlafleur/Projects/SDG_LLM/LLMs/chatgpt-api/results/separates/SDG_3/d_3_183.txt	9.488354037325929E-5	7.552780178371011E-5	0.0013034192608199395	4.7719639428523997E-4	0.4068712346150468	0.5571637685483827	1.0310638873974058E-4	2.6667485391769012E-5	0.0322538763090848	6.345968160798582E-5	1.4887532474977777E-4	7.052290882056651E-4	8.02062151429685E-5	2.944650094622282E-4	1.1686750724046905E-4	5.65122354686656E-5	8.944299836679421E-5	7.526159584752174E-5
37	file:/Users/mlafleur/Projects/SDG_LLM/LLMs/chatgpt-api/results/separates/SDG_3/d_3_197.txt	2.9651839060418415E-4	2.771978071585002E-4	9.020880337661652E-5	0.0121811463427346	0.36657804073769934	0.5957060197236249	0.02169628779237294	2.661905018062316E-5	1.0795250116200645E-4	2.6515160588289934E-4	1.4860492775948305E-4	9.852665398447284E-5	8.006053942931991E-5	0.0013029661023315781	1.1665524491778943E-4	5.640959429282779E-5	8.965092816167107E-4	7.512490087113024E-5
38	file:/Users/mlafleur/Projects/SDG_LLM/LLMs/chatgpt-api/results/separates/SDG_3/d_3_7.txt	6.621055893586267E-5	7.580991729488511E-4	2.0414206930231382E-4	5.083370375913208E-5	0.3990387822526594	0.5832006406997262	0.0017648970537847252	1.596878463432548E-4	0.013336897333687897	4.6751984719297675E-4	1.0388649521997446E-4	6.887785568433038E-5	5.5968593855743576E-5	6.440119895488517E-5	2.2263020535658452E-4	3.943472895695137E-5	2.0349314476710345E-4	1.935972388639116E-4
39	file:/Users/mlafleur/Projects/SDG_LLM/LLMs/chatgpt-api/results/separates/SDG_3/d_3_140.txt	8.003024087433184E-5	6.370449654050444E-5	7.622574466901686E-5	6.144387876741253E-5	0.3859805297655781	0.6090928233070089	7.690679341648517E-4	2.2492892560925937E-5	2.6174455014136514E-4	5.352554916181039E-5	2.9609553778342545E-4	8.3254264424261E-5	6.765053972753398E-5	7.784322542795455E-5	9.857278425788341E-5	4.7665673088426214E-5	0.0028038496526963234	6.347996312710604E-5
40	file:/Users/mlafleur/Projects/SDG_LLM/LLMs/chatgpt-api/results/separates/SDG_3/d_3_154.txt	9.557919229601307E-5	7.608154440677745E-5	4.983488379804302E-4	0.009441587880568932	0.4287943368616263	0.5465854132859245	0.0015294589180798522	2.6863001783914735E-5	0.006014984854809488	6.392494512317796E-5	1.499668249773764E-4	5.067429179419998E-4	2.8445091398623544E-4	2.966239207887899E-4	0.005209140732173248	5.692656281256782E-5	2.9375541797579594E-4	7.581338674460341E-5
41	file:/Users/mlafleur/Projects/SDG_LLM/LLMs/chatgpt-api/results/separates/SDG_3/d_3_168.txt	2.755022227284128E-4	7.004720432889885E-5	8.381512455024602E-5	6.756150922634627E-5	0.45891119784081097	0.5367966588369533	9.562457941447989E-5	2.4732386671659457E-5	2.878050213311164E-4	5.88547949134167E-5	1.380723395358772E-4	9.154343551982187E-5	7.438613342218147E-5	0.0027106469767485455	1.0838713646830664E-4	5.241148307602726E-5	8.2952658947099E-5	6.98003153533776E-5
42	file:/Users/mlafleur/Projects/SDG_LLM/LLMs/chatgpt-api/results/separates/SDG_3/d_3_381.txt	8.48483544519306E-5	6.753974052306181E-5	8.08148136426948E-5	6.075183593152053E-4	0.44157969941218655	0.5555473445877523	4.5378508416565226E-4	2.3847047063814933E-5	2.7750253058876715E-4	5.674798323607372E-5	3.139215734828668E-4	8.826647602619039E-5	7.172334996066745E-5	4.4411322868914975E-4	1.0450722685140743E-4	5.0535321163750064E-5	7.998322152414133E-5	6.730168937591802E-5
43	file:/Users/mlafleur/Projects/SDG_LLM/LLMs/chatgpt-api/results/separates/SDG_3/d_3_395.txt	8.512537387045702E-5	2.4914229033195064E-4	8.066068275729058E-4	6.535570922921698E-5	0.3935041055392297	0.6014369741229257	9.250255476740917E-5	5.680710273769192E-4	8.225546647889556E-4	5.6933258406348353E-5	1.335644478437078E-4	8.855465519032495E-5	7.195751785737223E-5	9.897093262815127E-4	4.6761251182770176E-4	2.3208235363946577E-4	2.6162639776466375E-4	6.752142109584577E-5
44	file:/Users/mlafleur/Projects/SDG_LLM/LLMs/chatgpt-api/results/separates/SDG_3/d_3_342.txt	9.33547512719283E-5	6.710615715535977E-4	8.845844234046999E-4	7.167388173329926E-5	0.42876073235551343	0.5666858676926049	1.0144511089573491E-4	2.6237811700563347E-5	7.031570976517191E-4	6.243720216387387E-5	1.464766055089144E-4	9.711555360502496E-5	7.891391105010672E-5	0.0010853881021083412	1.1498450655704068E-4	5.560169514379493E-5	2.869187667434985E-4	7.404896078955655E-5
45	file:/Users/mlafleur/Projects/SDG_LLM/LLMs/chatgpt-api/results/separates/SDG_3/d_3_424.txt	8.668190542081511E-5	2.5369789834631665E-4	8.256120083914574E-5	6.655074918952442E-5	0.396451324483099	0.5967349642097	9.419397929146838E-5	2.4362375575856542E-5	9.880064689822537E-5	2.4267293397879842E-4	1.360066958788385E-4	9.017389171719864E-5	7.327327298111364E-5	0.0047017791555086265	6.608615255206591E-4	5.1627376368370184E-5	8.171163823024466E-5	6.87560614560824E-5
46	file:/Users/mlafleur/Projects/SDG_LLM/LLMs/chatgpt-api/results/separates/SDG_3/d_3_430.txt	8.115114651526201E-5	4.104245478421045E-4	7.689489733600641E-4	6.230446333592795E-5	0.48856419618582364	0.5083422070659463	2.6109781301619653E-4	2.280792860076453E-5	2.654105511371248E-4	4.0010303386095035E-4	1.273287573771993E-4	8.442032582311624E-5	6.859805495133089E-5	7.893349967350388E-5	2.7286729947584396E-4	4.833327974885657E-5	7.649800836556545E-5	6.436906514626583E-5
47	file:/Users/mlafleur/Projects/SDG_LLM/LLMs/chatgpt-api/results/separates/SDG_3/d_3_356.txt	5.122821745587857E-4	2.8496128377348434E-4	0.001544949652031226	7.475184874904338E-5	0.4000802187338308	0.5916440335321782	1.0580157517106813E-4	2.736456969143297E-5	9.408127096360297E-4	2.7257770464175546E-4	1.527669047006371E-4	1.0128608914019077E-4	2.897619901968306E-4	9.470308727342715E-5	0.003231810346228514	4.7290784916637096E-4	9.178102570459508E-5	7.722892332749308E-5
48	file:/Users/mlafleur/Projects/SDG_LLM/LLMs/chatgpt-api/results/separates/SDG_3/d_3_418.txt	1.0016922123288682E-4	7.973523180463299E-5	9.540735349506146E-5	7.690574735772978E-5	0.4231337177282668	0.5717670680226558	3.2228706208757704E-4	2.815305197745046E-5	0.0011813581944102474	6.699483241616456E-5	1.5716872791965468E-4	5.310783888853616E-4	8.467426570828907E-5	0.0011646164704241077	7.636886156667907E-4	5.966036464024185E-5	9.442560275355358E-5	2.9289111829761854E-4
49	file:/Users/mlafleur/Projects/SDG_LLM/LLMs/chatgpt-api/results/separates/SDG_3/d_3_419.txt	1.0479941039374557E-4	8.342088695395306E-5	9.98174316466326E-5	8.046061334790873E-5	0.256681312461521	0.6745657850155881	1.1388159321675579E-4	2.945438939933197E-5	3.4275386689969466E-4	0.002973027460916593	1.6443364354426195E-4	3.323240216835131E-4	0.06283666381107932	7.71843799179429E-4	5.756863471384884E-4	6.241808572751966E-5	9.879030078150943E-5	8.312686098226072E-5
50	file:/Users/mlafleur/Projects/SDG_LLM/LLMs/chatgpt-api/results/separates/SDG_3/d_3_431.txt	7.917960584933333E-5	6.30273865453922E-5	7.541554732969015E-5	6.079079669768098E-5	0.4552681352669425	0.5320967840372406	7.608935726452963E-4	2.2253817406124187E-5	0.010213030391594045	5.2956630383709865E-5	1.2423534669982702E-4	8.236936151098639E-5	6.693148755521007E-5	2.45728851325729E-4	6.036641079552179E-4	4.715903846411198E-5	7.463951417501325E-5	6.28052396796742E-5
51	file:/Users/mlafleur/Projects/SDG_LLM/LLMs/chatgpt-api/results/separates/SDG_3/d_3_357.txt	6.196215970061585E-5	1.8134891724784678E-4	5.901658814068168E-5	4.7571960139292544E-5	0.42901771108189407	0.566639802911897	6.733195768321151E-5	1.74147695391467E-5	7.06249064543744E-5	4.144131754439068E-5	9.722062026077734E-5	1.9648501863263982E-4	9.76564334707352E-4	6.0268897267869555E-5	7.63184333021329E-5	3.690440033511983E-5	0.0023028633587100764	4.91483665436836E-5
52	file:/Users/mlafleur/Projects/SDG_LLM/LLMs/chatgpt-api/results/separates/SDG_3/d_3_343.txt	7.21665541619616E-5	5.744496017661388E-5	2.225057443679228E-4	3.6294618959838046E-4	0.4312439862911022	0.5414017446551621	7.842069086123371E-5	2.0282764758963333E-5	0.016843170757320045	4.8266185387346894E-5	0.0021122398315399664	7.507378857227343E-5	6.100326933913874E-5	0.002530512202829823	0.0034718240610224793	4.2982094531037914E-5	5.293381668736136E-4	8.260917923950718E-4
53	file:/Users/mlafleur/Projects/SDG_LLM/LLMs/chatgpt-api/results/separates/SDG_3/d_3_425.txt	7.741635113470515E-5	6.162382643310364E-5	7.373611462781013E-5	0.001049172662297388	0.5064933541262244	0.48989560107406066	7.439491945455866E-4	2.1758246001860203E-5	8.823970280159892E-5	5.1777336458294544E-5	1.2146874337511772E-4	8.05350739634893E-5	6.544098681675767E-5	7.351245123872869E-4	9.535327140170312E-5	4.610885141130693E-5	2.3793329949163965E-4	6.140662656736264E-5
54	file:/Users/mlafleur/Projects/SDG_LLM/LLMs/chatgpt-api/results/separates/SDG_3/d_3_394.txt	8.115114651526201E-5	6.459674338050828E-5	7.729336443687149E-5	6.230446333592795E-5	0.32291267784871913	0.6202175018092728	2.610978130161966E-4	2.280792860076453E-5	0.0203234232099097	2.271891316301523E-4	3.002426596079975E-4	8.442032582311624E-5	4.14425859412927E-4	0.03310548882575594	0.0013103507128606326	2.2124718197965454E-4	2.494119105963635E-4	6.436906514626583E-5
55	file:/Users/mlafleur/Projects/SDG_LLM/LLMs/chatgpt-api/results/separates/SDG_3/d_3_380.txt	6.612659724217184E-5	1.935372632118425E-4	0.00583988882863657	1.9166938227875279E-4	0.35090851307553306	0.6344532351847965	2.1275743675274893E-4	0.002554787739647135	3.5717184333069904E-4	4.422656227096673E-5	1.0375475662373751E-4	6.879051158825273E-5	4.785980424222772E-4	0.003727723192611051	8.144774690727147E-5	3.938472172718803E-5	6.259355172636787E-4	5.2451597156199445E-5
56	file:/Users/mlafleur/Projects/SDG_LLM/LLMs/chatgpt-api/results/separates/SDG_3/d_3_169.txt	6.579286915914912E-5	5.2371473082535186E-5	0.0010439885087047264	5.051301898144818E-5	0.38853066771304934	0.5948021212808161	0.012688508712378893	1.5868045444149498E-4	7.759364020033328E-4	3.243814497684442E-4	1.032311265342333E-4	4.890104747885004E-4	1.9580456076816449E-4	6.399492353833707E-5	2.2122574114030808E-4	3.9185954691977354E-5	3.423984520125425E-4	5.218688414055293E-5
57	file:/Users/mlafleur/Projects/SDG_LLM/LLMs/chatgpt-api/results/separates/SDG_3/d_3_155.txt	7.361472104473225E-4	7.203780966261636E-4	7.362680801620224E-5	5.934893368930122E-5	0.4281634551030884	0.5644424907958511	0.0017311147945641638	2.172599152036224E-5	0.0025587799767196086	5.1700581597601035E-5	1.2128867778823914E-4	8.041568855655575E-5	6.53439769245858E-5	4.0461195110492624E-4	9.521191945964246E-5	4.604049952785956E-5	7.286918115918532E-5	5.554498133589366E-4
58	file:/Users/mlafleur/Projects/SDG_LLM/LLMs/chatgpt-api/results/separates/SDG_3/d_3_141.txt	0.0014801034733573683	0.006595965762685708	6.622072878064117E-4	9.750982157505636E-5	0.36627720149939136	0.6072315925913991	0.002844207709401887	3.5695629643192886E-5	1.447622088086511E-4	0.005767953490568863	1.9927632385310597E-4	4.0274184736011304E-4	1.073596294800757E-4	0.0020178717706338563	0.0023213885526361206	7.564417109312535E-5	0.0012022015463034777	0.002536316684002118
59	file:/Users/mlafleur/Projects/SDG_LLM/LLMs/chatgpt-api/results/separates/SDG_3/d_3_6.txt	8.32233754341129E-5	6.624624859940872E-5	7.926708325538804E-5	6.38954342124012E-5	0.4137938586460084	0.583388206965715	6.224237203406076E-4	2.0071967073051372E-4	2.7218792204378314E-4	5.5661170384395694E-5	6.625681471800673E-4	8.65760346211007E-5	2.4767906736370803E-4	8.094910004039185E-5	1.0250574960484442E-4	4.956749053132105E-5	7.845141742972217E-5	6.601275650496282E-5
60	file:/Users/mlafleur/Projects/SDG_LLM/LLMs/chatgpt-api/results/separates/SDG_3/d_3_196.txt	9.419794157708408E-5	2.756955986447053E-4	2.904334750623693E-4	7.232124805785154E-5	0.47277605352694113	0.5232315603271366	1.0236137421224869E-4	2.647479448026114E-5	1.0736747789651471E-4	6.300114179017396E-5	1.4779959820092515E-4	9.799271188742528E-5	7.962667010985244E-5	9.162376023019145E-5	1.1602305917328198E-4	0.0010596715814341654	8.916508597938766E-4	4.7614485337132273E-4
61	file:/Users/mlafleur/Projects/SDG_LLM/LLMs/chatgpt-api/results/separates/SDG_3/d_3_182.txt	6.34705245076852E-5	5.914855861199616E-4	6.0453247950714504E-5	4.873001968441039E-5	0.4435186477157732	0.5532503218441127	6.897104121179015E-5	4.235607366623961E-4	4.780661850756424E-4	4.24501368825895E-5	2.3482797105421106E-4	6.602743878788155E-5	1.8889308722637023E-4	6.173604244226264E-5	7.543796671344811E-4	3.780277603668434E-5	5.983117827968809E-5	5.034480105754868E-5
62	file:/Users/mlafleur/Projects/SDG_LLM/LLMs/chatgpt-api/results/separates/SDG_3/d_3_223.txt	7.287250665916513E-5	5.80069021116192E-5	6.940827648782368E-5	5.217707045791156E-4	0.29602640761854104	0.6598926842481915	0.013588032649706027	2.0481176178187357E-5	0.014834098051291296	3.592864950330781E-4	2.6961338380517404E-4	2.3108225888051023E-4	0.005185644609047062	0.00643711831040075	5.555788798768816E-4	0.0014408692630652094	6.869405872145171E-5	3.6835060742420743E-4
63	file:/Users/mlafleur/Projects/SDG_LLM/LLMs/chatgpt-api/results/separates/SDG_3/d_3_237.txt	9.252652227618935E-5	2.708037407438679E-4	8.812797493902076E-5	7.103800207768573E-5	0.4190422689432514	0.547266211763211	0.02553317089155454	2.6005033870414715E-5	0.0012883752096535751	2.5903540678543586E-4	3.4232922546888585E-4	9.625395934938146E-5	2.753659368444747E-4	8.999801641132071E-5	1.139643816989724E-4	0.004983911852370669	8.72211296951848E-5	7.339200979783249E-5
64	file:/Users/mlafleur/Projects/SDG_LLM/LLMs/chatgpt-api/results/separates/SDG_3/d_3_10.txt	9.610766235397761E-5	7.650220937806281E-5	9.153887394683596E-5	7.378745196543829E-5	0.3791503918161692	0.611861497635933	5.140019972334478E-4	2.7011530891232152E-5	0.006457807906540149	6.42783946412488E-5	1.507960114852839E-4	3.047620663902239E-4	4.908063813950415E-4	9.348129337411394E-5	1.1837525119565913E-4	2.62024017842689E-4	9.059693022780434E-5	7.623256903653287E-5
65	file:/Users/mlafleur/Projects/SDG_LLM/LLMs/chatgpt-api/results/separates/SDG_3/d_3_38.txt	0.021865527339915574	2.3937323884815499E-4	7.789951031080844E-5	6.27930640541665E-5	0.3118519526873024	0.6486077771901341	2.631453802712484E-4	2.2986791714242962E-5	0.013163465897702602	5.470086369017707E-5	1.2832728812404946E-4	6.078921174327392E-4	2.4340592928981164E-4	7.95525077279608E-5	1.0073724641201493E-4	4.8712316401058955E-5	0.0019940670188334743	5.876836118356416E-4
66	file:/Users/mlafleur/Projects/SDG_LLM/LLMs/chatgpt-api/results/separates/SDG_3/d_3_14.txt	8.42996895843635E-5	6.710300037613773E-5	4.395376371916769E-4	0.0016813261096585246	0.379808014241384	0.6124877945118623	9.160531458598938E-5	3.829382479644558E-4	0.0022515578156441815	5.638102709522646E-5	1.3226892265831322E-4	2.6731841108735253E-4	7.125955684927679E-5	2.6161870429234496E-4	0.0015408130629449832	5.02085386884402E-5	7.94660166363318E-5	2.4648919149628055E-4
67	file:/Users/mlafleur/Projects/SDG_LLM/LLMs/chatgpt-api/results/separates/SDG_3/d_3_28.txt	7.870159842604524E-5	6.264689009916749E-5	7.496026353447246E-5	6.042380254839988E-5	0.3990251369573814	0.5823790585485584	5.886055622422224E-4	2.2119471070315615E-5	0.015014514650160425	5.263693111059268E-5	1.2348533768778054E-4	8.187209752701717E-5	2.3422191657713E-4	0.0010827178584720835	4.32325292113992E-4	4.687433926386756E-5	5.772723988922916E-4	6.24260843344784E-5
68	file:/Users/mlafleur/Projects/SDG_LLM/LLMs/chatgpt-api/results/separates/SDG_3/d_3_233.txt	2.3882665886537372E-4	6.0722340484426744E-5	0.001373000001502861	5.8567547501555354E-5	0.4573104320930926	0.5334423498461901	0.005934436317398162	2.143994780173423E-5	2.494916773028975E-4	5.101989337209251E-5	1.196917948846669E-4	2.4189975835379272E-4	6.448366018682341E-5	5.618276631419326E-4	9.395836233317385E-5	4.5434331764234275E-5	7.190978781998532E-5	6.0508318003771256E-5
69	file:/Users/mlafleur/Projects/SDG_LLM/LLMs/chatgpt-api/results/separates/SDG_3/d_3_227.txt	2.682590804134177E-4	2.507798207370475E-4	2.641857728967321E-4	6.578527082980642E-5	0.4192774028077566	0.5765432972605671	2.7568474909623144E-4	2.4082155269973407E-5	0.0010105352517386073	9.701784891707498E-4	1.3444232306951805E-4	4.542851067056076E-4	7.243047097669111E-5	8.334333329489628E-5	1.0553756434224561E-4	5.103354925357004E-5	8.077177667249974E-5	6.796521720887208E-5
70	file:/Users/mlafleur/Projects/SDG_LLM/LLMs/chatgpt-api/results/separates/SDG_3/d_3_186.txt	9.700155315431253E-5	7.721375119994667E-5	9.239027075839006E-5	9.012232256227943E-4	0.4546040486023373	0.5421114894189942	3.120953242848165E-4	2.7262763294302205E-5	3.172504245396128E-4	6.487624359754205E-5	3.588859252860957E-4	1.0090926714258208E-4	8.199659720633204E-5	9.435075649603194E-5	3.261636217203892E-4	5.777371492587878E-5	2.9812693648735794E-4	7.694160295202518E-5
71	file:/Users/mlafleur/Projects/SDG_LLM/LLMs/chatgpt-api/results/separates/SDG_3/d_3_192.txt	3.5834993027908775E-4	0.0013105567419583219	3.5290866259726306E-4	3.3176733799951456E-4	0.2603458762739186	0.7228523710830023	1.2438034447339493E-4	3.216979141457421E-5	0.005008244424569609	7.655332666627444E-5	0.0028623724034985984	1.1907193855337693E-4	9.67551748279255E-5	0.001086889183310905	3.84869852131237E-4	6.817241298496786E-5	0.004497900786278293	9.0790331535723E-5
72	file:/Users/mlafleur/Projects/SDG_LLM/LLMs/chatgpt-api/results/separates/SDG_3/d_3_179.txt	9.791222809731685E-5	0.0052936337369170845	0.0030140469006561506	7.517292222705692E-5	0.35747887315892457	0.6214724662241197	0.005322092633855563	0.0035741913698306123	3.2022885120280343E-4	6.548531806613883E-5	5.708830398322162E-4	3.104844320310767E-4	8.276640185439405E-5	0.0015556311685102665	5.378535310624111E-4	5.8316109071502144E-5	9.229802369669595E-5	7.766395004446327E-5
73	file:/Users/mlafleur/Projects/SDG_LLM/LLMs/chatgpt-api/results/separates/SDG_3/d_3_2.txt	9.075515751674183E-5	7.224158711625876E-5	2.7981859620414826E-4	0.001036566914518959	0.46477897851673233	0.5292473951004658	0.0020323980144958077	2.1888496157282183E-4	1.034433683532209E-4	6.0698550851272407E-5	1.4239775934657252E-4	9.441123504337276E-5	7.671644270952227E-5	6.684083938036169E-4	6.919159374060022E-4	2.4743116656919317E-4	8.555133349383107E-5	7.198696380039568E-5
74	file:/Users/mlafleur/Projects/SDG_LLM/LLMs/chatgpt-api/results/separates/SDG_3/d_3_145.txt	9.64632343834222E-5	2.823255870063711E-4	9.187754271044055E-5	2.796007857348178E-4	0.3713038291087005	0.6211135891788109	5.15903663852096E-4	0.00105481316818519	0.002576433559473002	2.700565475028E-4	7.679749366452967E-4	3.058896025698574E-4	9.037029113986862E-4	9.382714855762381E-5	1.1881320720533323E-4	5.745309454200522E-5	9.093211405762119E-5	7.651460866394842E-5
75	file:/Users/mlafleur/Projects/SDG_LLM/LLMs/chatgpt-api/results/separates/SDG_3/d_3_151.txt	2.851254004889701E-4	4.6060040195040517E-4	0.0039678075317283274	6.992140457171917E-5	0.33095327129230623	0.6550960538983811	0.0012632841400478123	0.00565314020937416	4.919111697081712E-4	6.091056835837827E-5	1.4289514878224613E-4	9.474100955060487E-5	7.698441004497246E-5	8.858339947774026E-5	6.943327709237428E-4	5.424219432525102E-5	8.585016073439219E-5	4.6034488924591704E-4
76	file:/Users/mlafleur/Projects/SDG_LLM/LLMs/chatgpt-api/results/separates/SDG_3/d_3_384.txt	6.820229525103843E-5	5.4289389041033724E-5	2.1028304106602313E-4	5.236287577397682E-5	0.42920797862614735	0.5581647687876979	7.411287921416939E-5	3.098145150872726E-4	0.006907916689283671	4.5614823440805275E-5	3.976575183004555E-4	6.522416787893299E-4	5.76522328807485E-5	0.0035540896037320364	8.400437212515394E-5	4.062099868499818E-5	6.429163328805814E-5	5.4098040196059395E-5
77	file:/Users/mlafleur/Projects/SDG_LLM/LLMs/chatgpt-api/results/separates/SDG_3/d_3_390.txt	9.075515751674183E-5	6.523749225401489E-4	0.0018268408240011877	6.967802214580887E-5	0.3168449779836405	0.6663522400389785	2.9199800822413824E-4	0.007760618322083388	4.901989253024808E-4	6.0698550851272407E-5	7.225310947704622E-4	9.441123504337276E-5	6.568497781334119E-4	8.8275058379727E-5	0.0024323159436776716	5.405338809456331E-5	4.723068904430909E-4	0.0010388758561735451
78	file:/Users/mlafleur/Projects/SDG_LLM/LLMs/chatgpt-api/results/separates/SDG_3/d_3_409.txt	2.0341541913502682E-4	3.2860356760858964E-4	6.188439614532541E-5	1.8832595296425453E-4	0.4904286760430129	0.5051562647457187	7.060383654465897E-5	1.826100984304804E-5	0.0021506915482903555	4.3455085976640375E-5	1.0194488646768968E-4	3.444751813989276E-4	5.492255691462546E-5	6.169668251486106E-4	8.002699424781141E-5	3.8697705201123746E-5	6.124759982326219E-5	5.1536645558613316E-5
79	file:/Users/mlafleur/Projects/SDG_LLM/LLMs/chatgpt-api/results/separates/SDG_3/d_3_421.txt	5.038159531042751E-4	7.622125109264918E-5	9.120269274002009E-5	0.0063984658553001405	0.3834708000820609	0.6043096086582216	1.0405304748433808E-4	6.390042062595332E-4	0.0023534787653113963	6.404232894204397E-5	1.5024220540336088E-4	9.961218654605757E-5	4.89003869800829E-4	9.313797853238374E-5	7.300323886178741E-4	5.703109567254884E-5	9.026420835758027E-5	2.799832265524616E-4
80	file:/Users/mlafleur/Projects/SDG_LLM/LLMs/chatgpt-api/results/separates/SDG_3/d_3_347.txt	8.178754568075123E-5	6.510332049427641E-5	2.5216942866468703E-4	6.27930640541665E-5	0.35541943227577205	0.6411141707009173	8.887546191736981E-5	2.2986791714242962E-5	4.41761857869465E-4	5.470086369017707E-5	3.0259720647792806E-4	8.508236237110335E-5	6.913601093593304E-5	7.95525077279608E-5	1.0073724641201493E-4	5.715220714626947E-4	0.0011227174270640819	6.487385677400581E-5
81	file:/Users/mlafleur/Projects/SDG_LLM/LLMs/chatgpt-api/results/separates/SDG_3/d_3_353.txt	7.718716647075296E-5	6.1441394224074E-5	7.35178249977201E-5	2.2372868307612582E-4	0.4227601236201956	0.57577760055395	8.387640217201927E-5	2.169383252557212E-5	2.5244607468192343E-4	5.162405396328408E-5	1.2110914527054315E-4	8.029665658018264E-5	6.524725422212528E-5	7.507784475074582E-5	9.507098597824115E-5	4.5972349994474015E-5	7.276131958632858E-5	6.122483736045736E-5
82	file:/Users/mlafleur/Projects/SDG_LLM/LLMs/chatgpt-api/results/separates/SDG_3/d_3_435.txt	8.102505329197345E-5	6.449637250546141E-5	2.498184928536309E-4	6.220765422176697E-5	0.41961019687564	0.5362114491094817	0.04204083714603359	2.2772489480588143E-5	9.235292696147661E-5	5.4190896165462024E-5	1.2713091305676202E-4	8.42891529259828E-5	6.849146681016997E-5	4.2410130702764606E-4	9.979808895208308E-5	5.661938613314132E-4	7.637914522112233E-5	6.426904803926368E-5
83	file:/Users/mlafleur/Projects/SDG_LLM/LLMs/chatgpt-api/results/separates/SDG_3/d_3_352.txt	4.956250158609711E-4	7.498206150276181E-5	8.971993792042583E-5	4.737483223417386E-4	0.5221515836638593	0.475261024950212	1.0236137421224869E-4	2.647479448026114E-5	1.0736747789651471E-4	6.300114179017396E-5	1.4779959820092515E-4	9.799271188742528E-5	7.962667010985244E-5	9.162376023019145E-5	1.1602305917328198E-4	5.610389572444789E-5	2.895102483680457E-4	2.754313162293792E-4
