#doc name topic proportion ...
0	file:/Users/mlafleur/Projects/SDG_LLM/LLMs/chatgpt-api/results/separates/SDG_4/d_4_27.txt	2.2346236686044836E-4	5.681592662402459E-5	3.7215531352097236E-4	5.479975664394647E-5	7.249443030992558E-5	0.6845176192038603	0.026084276619053874	2.006066451668903E-5	8.135522848688648E-5	4.7737661214455293E-5	1.11991734531529E-4	7.425171589980983E-5	6.0335271605064554E-5	0.2870558032443798	5.441719471969499E-4	4.987695839429535E-4	6.728365862935223E-5	5.66156727230747E-5
1	file:/Users/mlafleur/Projects/SDG_LLM/LLMs/chatgpt-api/results/separates/SDG_4/d_4_33.txt	0.0059991475642578755	5.277096025120208E-5	4.869184017777553E-4	5.089832994839222E-5	6.733324487751939E-5	0.659797839793351	0.04061320100996697	1.8632460873660372E-5	0.03411883777827949	4.433901499316821E-5	1.040185687815129E-4	6.896542186597987E-5	4.7981495031534254E-4	0.2563072219757396	8.165484011973471E-5	3.9484863337658115E-5	0.0014750774572720037	1.938433639910191E-4
2	file:/Users/mlafleur/Projects/SDG_LLM/LLMs/chatgpt-api/results/separates/SDG_4/d_4_261.txt	8.625177958483038E-5	8.037854547026135E-4	2.659336675062751E-4	6.622051652456871E-5	6.389493538377264E-4	0.6715137423212777	8.288551579834469E-4	0.012521427352108816	2.820925315190999E-4	0.0011603794876704752	8.704603949406724E-4	8.972643823344605E-5	7.290968236040295E-5	0.3099405913525891	6.575822527040919E-4	5.137119523907522E-5	8.130617544613947E-5	6.84148857716158E-5
3	file:/Users/mlafleur/Projects/SDG_LLM/LLMs/chatgpt-api/results/separates/SDG_4/d_4_507.txt	4.59901632765899E-4	6.95775463499738E-5	4.557463921559164E-4	6.710851753052663E-5	8.877765240690353E-5	0.6054611907138806	0.0012124631416904393	2.456655902943602E-5	4.7212194260146014E-4	8.034466563050038E-4	1.3714658130536462E-4	9.092964792726898E-5	2.6013400235874625E-4	0.3867330006047945	2.9390703281802704E-4	5.2060070461494176E-5	0.003062342373976662	2.5557893164191093E-4
4	file:/Users/mlafleur/Projects/SDG_LLM/LLMs/chatgpt-api/results/separates/SDG_4/d_4_513.txt	2.3743728473352466E-4	6.036908825749698E-5	3.9542920977274023E-4	2.1982405811136636E-4	8.850142328385347E-4	0.6840180120669923	0.04613762233774441	3.445096755577903E-4	4.096374867524946E-4	3.739175397893559E-4	1.1899548784592432E-4	7.889527913693805E-5	3.873029811381672E-4	0.26541641482147377	4.166062141993634E-4	4.5170017530844373E-5	7.149145261612454E-5	3.8335076550899573E-4
5	file:/Users/mlafleur/Projects/SDG_LLM/LLMs/chatgpt-api/results/separates/SDG_4/d_4_275.txt	6.874174194431557E-5	5.4718791472292463E-5	6.513634639175775E-4	4.921942275985954E-4	2.1629098094584403E-4	0.5893840266731382	3.676438671720759E-4	1.9320204451618743E-5	2.2482471781388238E-4	1.9244801003687518E-4	1.0785800272171968E-4	7.151100756778951E-5	4.97525420924959E-4	0.4068207061333398	5.240859926616121E-4	1.8741468657737468E-4	6.480014856390001E-5	5.4525929151836055E-5
6	file:/Users/mlafleur/Projects/SDG_LLM/LLMs/chatgpt-api/results/separates/SDG_4/d_4_249.txt	9.335475127192828E-5	7.431087754416132E-5	0.0016802520154172815	2.705907797364446E-4	9.48171587351472E-5	0.6671389011841932	0.03690107124147762	6.229885057099994E-4	3.0532330164542823E-4	0.0018526892841921815	3.453935035120598E-4	4.949493496113158E-4	8.745815030626882E-4	0.2877246381246408	7.117352005664766E-4	6.523523891532308E-4	8.800186874035312E-5	7.404896078955654E-5
7	file:/Users/mlafleur/Projects/SDG_LLM/LLMs/chatgpt-api/results/separates/SDG_4/d_4_315.txt	7.518398315165101E-5	3.802454261589693E-4	7.160986947317197E-5	2.1792241259834425E-4	2.3656103274861975E-4	0.6367693189710832	4.0209819439349955E-4	2.113082800772803E-5	8.569523403652177E-5	0.001171679309532327	1.1796608625323133E-4	7.821277488850235E-5	2.237532271498903E-4	0.35747774147763073	4.130022531737327E-4	6.855764154590839E-4	0.0010320687265752849	5.402337776856791E-4
8	file:/Users/mlafleur/Projects/SDG_LLM/LLMs/chatgpt-api/results/separates/SDG_4/d_4_473.txt	8.966281338983972E-5	0.003701326853184752	8.540040171179468E-5	2.598896173784312E-4	6.642181408253132E-4	0.6697949290563435	0.010796247302221309	0.0055656574668312055	1.0219830681645074E-4	5.996797302684821E-5	0.0012869853450758607	9.327488576102837E-5	4.578935738076951E-4	0.3021376601277015	1.1043716804638845E-4	5.340279255112696E-5	0.0042876271556357756	4.53221019691066E-4
9	file:/Users/mlafleur/Projects/SDG_LLM/LLMs/chatgpt-api/results/separates/SDG_4/d_4_467.txt	1.0133719254968314E-4	8.066494317245324E-5	0.0018239245426551196	5.096536522716682E-4	1.0292464540738116E-4	0.6660996523581366	0.02450971129932658	0.0026195884277599034	1.155048464861557E-4	9.314783615240994E-4	8.067780903843483E-4	1.0541956805792268E-4	8.566156612253648E-5	0.301746620835066	1.2481643325533605E-4	6.035600341821943E-5	9.552660358225069E-5	8.038063082378593E-5
10	file:/Users/mlafleur/Projects/SDG_LLM/LLMs/chatgpt-api/results/separates/SDG_4/d_4_301.txt	2.3504438590664606E-4	2.1972933356842245E-4	0.002631005115071128	2.1760866581792458E-4	5.56157744565037E-4	0.6620874088583594	7.214565794087093E-4	2.1100405578130364E-5	8.557185708113799E-5	0.001329961068428274	1.1779624837690019E-4	7.81001705628785E-5	6.346243916667805E-5	0.33088818502813255	2.524389999956625E-4	4.4714792977207185E-5	7.077095998882311E-5	3.794873470147226E-4
11	file:/Users/mlafleur/Projects/SDG_LLM/LLMs/chatgpt-api/results/separates/SDG_4/d_4_329.txt	7.58400574053579E-5	5.451607702419977E-4	7.223475511640658E-5	5.822683078319952E-5	4.002225508540342E-4	0.6853107898856177	8.241254921685914E-5	2.131522090145668E-5	4.096374867524946E-4	5.0723085133022196E-5	1.1899548784592432E-4	7.889527913693805E-5	0.0010336918904508346	0.3098556523367197	0.0017093840328246982	4.5170017530844373E-5	7.149145261612454E-5	6.0156310852662036E-5
12	file:/Users/mlafleur/Projects/SDG_LLM/LLMs/chatgpt-api/results/separates/SDG_4/d_4_498.txt	2.601375372993643E-4	2.4318746217415492E-4	7.914077742463121E-5	6.379362188919809E-5	8.439238711062936E-5	0.6157434170634606	2.673383938779048E-4	3.774466115378079E-4	2.717542121076555E-4	0.009616098152390623	1.3037208201195584E-4	8.643808255414728E-5	2.4728441034998073E-4	0.362141468311782	1.0234241479637825E-4	4.9488508653686944E-5	0.009815898856713783	4.2000111386573583E-4
13	file:/Users/mlafleur/Projects/SDG_LLM/LLMs/chatgpt-api/results/separates/SDG_4/d_4_117.txt	4.045221161887524E-4	1.0285087012225335E-4	1.230664174535994E-4	0.010561108099111757	1.3123283697779358E-4	0.6130835402016614	0.022716100376244778	3.6314761077919875E-5	0.0012485264396537906	8.641696589758584E-5	0.0037818061656383424	0.0015109806681016431	3.8453509637152413E-4	0.34481798198956015	4.344590409718457E-4	7.695619961442507E-5	1.21800052313348E-4	3.7780170303887623E-4
14	file:/Users/mlafleur/Projects/SDG_LLM/LLMs/chatgpt-api/results/separates/SDG_4/d_4_103.txt	7.650768259166822E-5	6.0900521449587993E-5	0.0018660882084699227	2.2175918425410742E-4	7.770617977034674E-5	0.6637932848016799	7.352171473644299E-4	2.1502860241568458E-5	0.00302156001289883	5.116960390319095E-5	6.091023493745971E-4	7.958979964806153E-5	2.2769265692023022E-4	0.3241577370190592	5.83293405770461E-4	4.556765226902088E-5	0.004147615264667183	2.2370564966792396E-4
15	file:/Users/mlafleur/Projects/SDG_LLM/LLMs/chatgpt-api/results/separates/SDG_4/d_4_102.txt	7.44327663515786E-5	2.178475000038867E-4	0.011331396589749116	6.915408630280798E-4	7.559875984990106E-5	0.6188292030630211	0.003094257133757718	1.7951831772887003E-4	2.4343761472695849E-4	4.978186559324446E-5	0.001068379140318079	7.74312952699244E-5	0.007675652825140121	0.351051151182134	5.674742759867271E-4	0.00400929741330863	3.8736210023222176E-4	3.7623729380001803E-4
16	file:/Users/mlafleur/Projects/SDG_LLM/LLMs/chatgpt-api/results/separates/SDG_4/d_4_116.txt	9.540432476445717E-5	7.594234892345331E-5	9.086897178323893E-5	2.765315131422365E-4	9.689883891245703E-5	0.6287285826549164	0.0745056362245327	2.681385440466521E-5	1.0874252195837474E-4	0.02303490614065082	0.0019792489420086216	3.025317487245764E-4	8.064644054728203E-5	0.2623292273821228	3.2079300878266545E-4	5.682241245013155E-5	0.007814727989504217	7.56746818708704E-5
17	file:/Users/mlafleur/Projects/SDG_LLM/LLMs/chatgpt-api/results/separates/SDG_4/d_4_499.txt	8.66819054208151E-5	2.5369789834631665E-4	8.213557669169149E-4	2.512493907089666E-4	8.803978237604572E-5	0.6883454904033431	0.0030493722436025434	2.436237557585654E-5	4.6819792993710974E-4	5.797429245935621E-5	3.2070533739828077E-4	9.017389171719862E-5	4.426705560199979E-4	0.3040982770585244	4.761628840012167E-4	2.3632601788781233E-4	8.205062043080133E-4	6.875606145608239E-5
18	file:/Users/mlafleur/Projects/SDG_LLM/LLMs/chatgpt-api/results/separates/SDG_4/d_4_328.txt	2.997853275709086E-4	6.883131276927486E-4	9.120269274002008E-5	7.35164637657799E-5	9.72547048653588E-5	0.5722768004494829	0.04233839253289119	0.01736951549999558	0.0031696012674448607	6.761342055421432E-4	1.5024220540336085E-4	9.961218654605754E-5	2.8497324426746275E-4	0.35531045703212333	0.006238859278018768	5.7031095672548825E-5	7.023560849576795E-4	7.595260101909515E-5
19	file:/Users/mlafleur/Projects/SDG_LLM/LLMs/chatgpt-api/results/separates/SDG_4/d_4_466.txt	9.754591388202382E-5	2.8549433960870966E-4	9.290875353921186E-5	7.489168146119959E-5	9.907397614477957E-5	0.6675757967069379	0.015902392343173106	2.7415758552457485E-5	1.1118352033258649E-4	8.966294185784858E-4	1.530526743634546E-4	1.0147555747823438E-4	0.0023687767701558705	0.3112422499881566	3.2799401165435464E-4	5.809793387368888E-5	5.076472623889092E-4	7.737338971844537E-5
20	file:/Users/mlafleur/Projects/SDG_LLM/LLMs/chatgpt-api/results/separates/SDG_4/d_4_300.txt	7.978534301019124E-5	6.350955654071837E-5	0.0014360220724399764	6.125585640848597E-5	2.5103888287779873E-4	0.6548299941513723	0.04496767600285755	2.242406281249166E-5	9.093989644245606E-5	5.3361757418545946E-5	1.251857677758216E-4	2.530031987863904E-4	7.474583163846705E-4	0.2963940505519406	9.827114497673898E-5	3.8752720886186615E-4	7.521051887905557E-5	6.328571021451062E-5
21	file:/Users/mlafleur/Projects/SDG_LLM/LLMs/chatgpt-api/results/separates/SDG_4/d_4_314.txt	9.285604409312837E-5	7.391390398267385E-5	8.8441831871181E-5	2.691452661173407E-4	9.431063928016102E-5	0.6570458106585312	1.0090318448739934E-4	2.6097647596725107E-5	5.015465155673879E-4	6.210365855180204E-5	3.4354838885677485E-4	9.659675597452322E-5	7.849234778298139E-5	0.3368382876759896	1.1437025181275102E-4	5.530466725668841E-5	0.004044617175843078	7.365338640447937E-5
22	file:/Users/mlafleur/Projects/SDG_LLM/LLMs/chatgpt-api/results/separates/SDG_4/d_4_472.txt	9.302168673522523E-5	7.404575640502243E-5	0.0010796356813550895	2.6962538492299247E-4	9.447887672362288E-5	0.675263712244831	6.957048308613174E-4	4.225586347555537E-4	1.0602677433527394E-4	6.568360918114762E-4	1.459540165449145E-4	9.6769071541419E-5	4.7504680001083673E-4	0.31682561120093417	0.003285889732736671	2.536105395540184E-4	8.768790184266805E-5	7.378477409865234E-5
23	file:/Users/mlafleur/Projects/SDG_LLM/LLMs/chatgpt-api/results/separates/SDG_4/d_4_248.txt	8.309076556453152E-5	6.614069043932209E-5	4.332343208942967E-4	6.379362188919807E-5	2.61439158845462E-4	0.6058287978463098	0.03355213148002647	2.3353068068142253E-5	2.7175421210765547E-4	5.557247870964783E-5	3.074188537467887E-4	8.643808255414726E-5	7.023763861514782E-5	0.35789234579014595	1.0234241479637824E-4	2.2653528038851965E-4	6.09466726502475E-4	6.590757039607012E-5
24	file:/Users/mlafleur/Projects/SDG_LLM/LLMs/chatgpt-api/results/separates/SDG_4/d_4_512.txt	2.2656351031459396E-4	5.7604400949329415E-5	6.892666290492415E-5	5.556025116923391E-5	7.350048618938396E-5	0.6583977213424423	3.870316606291637E-4	2.033906037960671E-5	3.908775618759807E-4	4.8400150105409714E-5	1.1354592210834705E-4	3.8367546887972675E-4	6.117258634052063E-5	0.2941234103641157	8.913383662756908E-5	0.04506852465597509	3.7661071100819697E-4	5.740136798502839E-5
25	file:/Users/mlafleur/Projects/SDG_LLM/LLMs/chatgpt-api/results/separates/SDG_4/d_4_274.txt	9.884016438431663E-5	7.867729549847064E-5	0.0011471665583107677	7.588535297947496E-5	1.003885011544546E-4	0.6164108402301631	0.035489048613689886	2.777951401760358E-5	0.0015868938290903955	6.610593720718112E-5	1.5508339500349837E-4	1.0282194694766401E-4	8.355079772728507E-5	0.34169747528640904	0.00180658098716455	5.886878400062641E-5	9.355928174218618E-4	7.839998882979625E-5
26	file:/Users/mlafleur/Projects/SDG_LLM/LLMs/chatgpt-api/results/separates/SDG_4/d_4_260.txt	1.1471266912435866E-4	0.004246546585714148	5.981105718356475E-4	8.807159965732448E-5	0.014293192717053394	0.6105402078292439	6.135051003606036E-4	3.2240559491041105E-5	0.002575006010270429	7.672173098091542E-5	1.799878651409987E-4	3.637594467204382E-4	3.413935899057136E-4	0.3638168262261079	6.301420705573861E-4	0.0012904502313574458	1.0813514163550569E-4	9.099005484265325E-5
27	file:/Users/mlafleur/Projects/SDG_LLM/LLMs/chatgpt-api/results/separates/SDG_4/d_4_506.txt	2.5249330306255125E-4	6.419712268069875E-5	0.001107880333004615	2.3376321283089644E-4	4.25600865250237E-4	0.6584824203212855	0.06074863717751272	2.266682984080145E-5	4.356128069964222E-4	3.976278401279537E-4	2.9838524117687846E-4	2.5574225794956887E-4	0.0017866155731200695	0.2373952705467561	7.867118034848609E-4	0.03699453496092339	2.4786895104395636E-4	6.397085295299298E-5
28	file:/Users/mlafleur/Projects/SDG_LLM/LLMs/chatgpt-api/results/separates/SDG_4/d_4_32.txt	0.0011778978593949628	3.7430898686431364E-4	7.049188720756023E-5	2.1452018055467952E-4	0.0010213589965289995	0.7305934363350265	8.042411321974365E-5	0.007590316300150308	8.435734929235012E-5	5.225939577257224E-4	1.1612438491590174E-4	7.699170723521766E-5	6.256172683797021E-5	0.2516006754894428	9.115793646639498E-5	4.4080163015941266E-5	0.0060622995196640455	2.1640310645657543E-4
29	file:/Users/mlafleur/Projects/SDG_LLM/LLMs/chatgpt-api/results/separates/SDG_4/d_4_26.txt	2.110410595721758E-4	0.0013463479732064645	6.420431936295077E-5	5.175367498751213E-5	6.846477821136801E-5	0.6766310141697589	2.168828785497024E-4	3.0621006740445177E-4	3.640975314460516E-4	4.5084130924325937E-5	1.057665979776345E-4	2.137566281577257E-4	5.6981494593493225E-5	0.3182109877645566	8.302704746892201E-5	3.274128939200715E-4	0.0016434983377623092	5.3468652139225105E-5
30	file:/Users/mlafleur/Projects/SDG_LLM/LLMs/chatgpt-api/results/separates/SDG_4/d_4_30.txt	0.005168028505011958	2.1209539556421637E-4	6.902245018337402E-5	2.1004840503228511E-4	7.360262970308539E-5	0.6886507746075802	7.874763420515203E-5	1.7477826740746648E-4	0.001009064531294858	4.846741172028808E-5	1.1370371670334784E-4	7.538677836115285E-5	6.125759779057995E-5	0.3000909471266886	0.0028686546593839147	9.696269421847205E-4	6.831220260637015E-5	5.7481138578683414E-5
31	file:/Users/mlafleur/Projects/SDG_LLM/LLMs/chatgpt-api/results/separates/SDG_4/d_4_24.txt	2.5849000375450777E-4	2.4164727883198934E-4	4.3049051050896546E-4	6.338959664508501E-5	0.0027227400788487266	0.6698991265372648	9.693471684898643E-4	2.320516567997862E-5	2.700331064761826E-4	5.829969556725561E-4	1.2954639425978684E-4	8.589064275734028E-5	2.457182797353788E-4	0.3237831884488933	1.0169424781828996E-4	4.917508222957944E-5	7.783034528842893E-5	6.549015684547375E-5
32	file:/Users/mlafleur/Projects/SDG_LLM/LLMs/chatgpt-api/results/separates/SDG_4/d_4_18.txt	7.606130072082016E-5	6.0545199110975555E-5	7.244548091567831E-5	5.839669216690708E-5	7.725280530222344E-5	0.5840722763651328	0.042058431894851686	1.8344604693550714E-4	8.669520678687015E-5	5.0871056322776475E-5	4.4347991474503144E-4	7.912543525400532E-5	2.2636419067041745E-4	0.37202152190279286	9.368426365354224E-5	2.0737043362688214E-4	7.170001002687996E-5	6.033180098432009E-5
33	file:/Users/mlafleur/Projects/SDG_LLM/LLMs/chatgpt-api/results/separates/SDG_4/d_4_276.txt	8.568487498033436E-5	0.005728005983729547	0.005741411935889233	6.578527082980642E-5	2.69601338830359E-4	0.7162125644168759	0.0013711299816947312	9.369531824353902E-4	0.0015582578680378577	5.730746200533355E-5	0.0036033522262981024	2.7171090127252415E-4	2.550046764097745E-4	0.26152960551347026	0.0015661312078069124	5.103354925357004E-5	6.284943929717497E-4	6.796521720887208E-5
34	file:/Users/mlafleur/Projects/SDG_LLM/LLMs/chatgpt-api/results/separates/SDG_4/d_4_510.txt	3.8996013933269904E-4	5.899624557948501E-5	7.059207742287308E-5	5.6902704800650335E-5	7.069659083043252E-4	0.6780961451380733	0.0067132781104340886	0.003337200340417743	7.161667408233039E-4	9.971038419663396E-4	9.059013005567337E-4	2.350235092324631E-4	6.265064590554722E-5	0.3058098052626446	9.12874993656709E-5	4.414281421168226E-5	0.0016490894140210209	5.8788306907695506E-5
35	file:/Users/mlafleur/Projects/SDG_LLM/LLMs/chatgpt-api/results/separates/SDG_4/d_4_504.txt	9.012772434865521E-5	6.478647472990983E-4	2.7788407839700845E-4	2.6123717191786183E-4	2.835804470241427E-4	0.6965048299015707	0.008739777426357275	2.533083992235298E-5	1.0272821560488877E-4	6.027891316785089E-5	5.25495030081236E-4	9.375852568858699E-5	2.6822693256368794E-4	0.2718254912532532	6.871323964973085E-4	0.019257766368721948	2.770007435849708E-4	7.1489283999114E-5
36	file:/Users/mlafleur/Projects/SDG_LLM/LLMs/chatgpt-api/results/separates/SDG_4/d_4_262.txt	2.5726798393964795E-4	6.541109853792072E-5	7.826778275378494E-5	4.1327749029317757E-4	8.346146241409429E-5	0.5704305750971502	2.643894085284714E-4	2.3095462512133994E-5	9.366273126804162E-5	2.3005324878790507E-4	1.2893395951016516E-4	4.3567216198551394E-4	6.946285365347311E-5	0.42660838886337626	2.7630726999120604E-4	4.894260544514263E-5	7.746239982532248E-5	4.1536812002759127E-4
37	file:/Users/mlafleur/Projects/SDG_LLM/LLMs/chatgpt-api/results/separates/SDG_4/d_4_289.txt	2.9019357069853645E-4	7.378252030181088E-5	8.8284624461108E-5	2.68666854156343E-4	0.0028591791252516874	0.6910333557789125	8.907341482545304E-4	2.6051258422045246E-5	1.0564984422790299E-4	8.520035893773417E-4	0.0035029790097007136	9.642505299747129E-5	0.025556185694860158	0.2712612008520159	3.1166953641430386E-4	0.0012402218442075885	8.737616727879108E-5	0.0014560405284611924
38	file:/Users/mlafleur/Projects/SDG_LLM/LLMs/chatgpt-api/results/separates/SDG_4/d_4_302.txt	7.36964129266226E-5	2.156923637566557E-4	3.8425227147311126E-4	5.658103002047697E-5	7.485087140686027E-5	0.6591879781890914	0.014526808896286323	9.628905063811329E-4	8.399969100679907E-5	4.928938023999106E-5	1.1563204075421223E-4	2.3369490568131762E-4	6.229647763147326E-5	0.318998856714272	9.077144505166416E-5	0.004283693224778588	3.8352997866553356E-4	2.1548560057602735E-4
39	file:/Users/mlafleur/Projects/SDG_LLM/LLMs/chatgpt-api/results/separates/SDG_4/d_4_464.txt	9.385884424591232E-5	7.471213822720343E-5	0.004089216979087054	7.206090327968716E-5	9.532914835410397E-5	0.6839406952131686	0.0017019208972099303	2.6379489508610244E-5	3.069719732883396E-4	6.277434788487044E-5	3.472585445089878E-4	9.76399539978262E-5	2.7933102791615817E-4	0.29847786730292075	1.1560539495407135E-4	5.590193078774139E-5	0.01008802710347428	7.444880718576304E-5
40	file:/Users/mlafleur/Projects/SDG_LLM/LLMs/chatgpt-api/results/separates/SDG_4/d_4_470.txt	0.0011518652450349936	4.998873277587416E-4	9.414147766009051E-5	7.588535297947496E-5	1.003885011544546E-4	0.6275729060850602	0.00621495137160107	2.777951401760358E-5	3.23263732309584E-4	6.610593720718112E-5	1.5508339500349837E-4	3.1342696307779937E-4	8.355079772728507E-5	0.3473838107219227	1.2174085812346765E-4	5.886878400062641E-5	0.01567794394653134	7.839998882979625E-5
41	file:/Users/mlafleur/Projects/SDG_LLM/LLMs/chatgpt-api/results/separates/SDG_4/d_4_316.txt	9.241479244488358E-4	2.3209281556473707E-4	2.444998153501377E-4	6.088324285703968E-5	8.054225559831026E-5	0.6515226038726859	0.0031276248261307375	2.228765937007306E-5	9.038671769729879E-5	5.3037162920828914E-5	4.6236343788907204E-4	8.24946227599611E-5	6.703327202425422E-5	0.3380162961942749	9.76733709436687E-5	4.7230754451101554E-5	0.0048059013057779616	6.290074925532366E-5
42	file:/Users/mlafleur/Projects/SDG_LLM/LLMs/chatgpt-api/results/separates/SDG_4/d_4_458.txt	1.0334553773305484E-4	8.226359659881417E-5	0.0014196620812330087	7.934439059847318E-5	0.0014261938591420963	0.614340263216462	0.003635580144823189	2.9045771341996193E-5	3.379988737698742E-4	6.911920544223328E-5	0.0014833818783172104	1.0750881955991642E-4	0.0014085886525369699	0.34934549481481	1.2729010038807303E-4	0.0013827815730282987	0.024540163834591965	8.197364962260635E-5
43	file:/Users/mlafleur/Projects/SDG_LLM/LLMs/chatgpt-api/results/separates/SDG_4/d_4_100.txt	7.529253945272534E-5	0.0011829474334154935	3.9257445730085465E-4	5.780646935060852E-5	7.647200134534655E-5	0.5816984564819103	0.06056415229306396	2.1161338289718943E-5	8.581896727379837E-5	5.035689606785836E-5	1.1813641457901364E-4	7.832570438734959E-5	6.364570287164014E-5	0.35526657464903055	9.273738485125648E-5	4.484391815322025E-5	7.097532888011661E-5	5.972201977637851E-5
44	file:/Users/mlafleur/Projects/SDG_LLM/LLMs/chatgpt-api/results/separates/SDG_4/d_4_114.txt	3.7827760830935964E-4	8.685329793198813E-4	1.1508213814402867E-4	9.276515401876387E-5	8.950735864006066E-4	0.7123318971192973	0.023816845755148915	8.06313587132787E-4	6.526215498821012E-4	8.081042264160682E-5	4.4703148169929343E-4	0.0011554999395281319	1.0213568646980563E-4	0.2547371724014361	0.0019509819873052146	7.196345012973062E-5	0.0011437043961627594	3.5329075697325917E-4
45	file:/Users/mlafleur/Projects/SDG_LLM/LLMs/chatgpt-api/results/separates/SDG_4/d_4_128.txt	8.905034214052335E-5	0.004435024606647283	0.002172014467037845	6.836913605284218E-5	9.04453207910386E-5	0.634291204281094	0.06783581123588818	2.5028036357227943E-5	8.604810880503066E-4	0.004233953183671555	0.00165768460978567	2.823829611373242E-4	7.527534145733338E-5	0.28034030687512773	0.003335351531952411	5.303800726462737E-5	8.394427079032165E-5	7.06347047538334E-5
46	file:/Users/mlafleur/Projects/SDG_LLM/LLMs/chatgpt-api/results/separates/SDG_4/d_4_129.txt	2.9227164927507363E-4	0.0024613136535819066	4.8675062739840904E-4	6.684245757427354E-4	0.002481819934772892	0.6480428789758914	1.0144511089573491E-4	2.6237811700563347E-5	5.042401996485737E-4	2.6135410016701926E-4	1.464766055089144E-4	9.711555360502496E-5	4.7674770705639734E-4	0.34163111748349323	1.1498450655704068E-4	5.560169514379493E-5	0.0020771708487718065	7.404896078955655E-5
47	file:/Users/mlafleur/Projects/SDG_LLM/LLMs/chatgpt-api/results/separates/SDG_4/d_4_115.txt	9.828130392316982E-5	7.82324396049384E-5	9.360918443753384E-5	7.545628324224245E-5	9.982088611254844E-5	0.6414058734769629	0.023142362442523615	2.762244353809742E-5	0.0017873354562803348	0.010536442994549772	1.5420652497613913E-4	1.0224057275585518E-4	8.307838615616E-5	0.32175583230837906	1.2105251292963788E-4	5.853592907288853E-5	3.020601536759511E-4	7.79567008791514E-5
48	file:/Users/mlafleur/Projects/SDG_LLM/LLMs/chatgpt-api/results/separates/SDG_4/d_4_101.txt	2.700339246659084E-4	6.200033096215353E-4	4.497158125873532E-4	6.622051652456871E-5	8.76029185944921E-5	0.651113924217278	0.001012637303064525	2.0802363167658435E-4	9.831038643802179E-5	5.768661718400727E-5	3.191139596974386E-4	8.972643823344605E-5	7.290968236040295E-5	0.3316268844721563	1.062358174608578E-4	2.3515334032015323E-4	0.013497402766364837	6.84148857716158E-5
49	file:/Users/mlafleur/Projects/SDG_LLM/LLMs/chatgpt-api/results/separates/SDG_4/d_4_459.txt	3.216381291213523E-4	9.573910025762885E-4	9.785089784552958E-5	7.887543415429558E-5	1.0434407038731539E-4	0.5997641012947706	0.07300647151515172	2.8874099450080493E-5	1.1709776394297077E-4	6.871068384966598E-5	1.6119408595663463E-4	1.0687340030269776E-4	8.684291745285543E-5	0.32123122095081075	7.832479780635897E-4	9.368019839712698E-4	0.001848071234946604	3.003925572454611E-4
50	file:/Users/mlafleur/Projects/SDG_LLM/LLMs/chatgpt-api/results/separates/SDG_4/d_4_471.txt	8.443618949360046E-5	6.721165502843873E-5	6.201628981450973E-4	6.482658222875645E-5	4.4558599109309195E-4	0.6555793193612555	0.0026105433713034054	2.036447580321025E-4	9.624096405229226E-5	7.761265283156227E-4	0.0019316186149604328	8.783770697523732E-5	7.137494188912866E-5	0.33598073027236686	2.839131176146268E-4	5.028983745724568E-5	9.791624495346079E-4	6.697476025423554E-5
51	file:/Users/mlafleur/Projects/SDG_LLM/LLMs/chatgpt-api/results/separates/SDG_4/d_4_317.txt	8.844618149433027E-5	7.04036299462585E-5	8.42416063463164E-5	6.790528672419875E-5	4.667474891502251E-4	0.6422376288575684	0.0025460638079108566	0.007940089891576197	4.777273744209064E-4	0.0013783595457428496	1.3877490174847167E-4	9.200924176909305E-5	7.476463708670332E-5	0.3434563168004522	4.858544428018795E-4	2.4113606834626086E-4	8.33747522049258E-5	7.015548470995763E-5
52	file:/Users/mlafleur/Projects/SDG_LLM/LLMs/chatgpt-api/results/separates/SDG_4/d_4_303.txt	9.921628242600926E-5	2.9038312218698396E-4	9.4499715714834E-5	4.989869901758104E-4	7.349898152991792E-4	0.666111519535004	0.0032789111381757814	2.78852238419099E-5	3.2449385290584054E-4	6.635749117617235E-5	1.5567353630072407E-4	5.260260863913024E-4	2.952751696309537E-4	0.3212228793192523	0.0018134555983844332	5.909279831599167E-5	0.004321655999269861	7.869832554798231E-5
53	file:/Users/mlafleur/Projects/SDG_LLM/LLMs/chatgpt-api/results/separates/SDG_4/d_4_465.txt	9.809641886076334E-5	4.961258107214372E-4	3.024533587880039E-4	4.933548768153211E-4	9.963310481517355E-5	0.6634005220192448	0.06197659771334723	2.7570480682564358E-5	3.208312600921407E-4	2.746287781998635E-4	3.6293670467411784E-4	1.0204823958647418E-4	8.292210055558312E-5	0.2711947062864082	3.2984506137265283E-4	5.842581231143284E-5	3.014919234212269E-4	7.781005010294362E-5
54	file:/Users/mlafleur/Projects/SDG_LLM/LLMs/chatgpt-api/results/separates/SDG_4/d_4_288.txt	8.102505329197345E-5	4.097868272876027E-4	5.95108947635772E-4	6.220765422176697E-5	0.0011181656796848116	0.6413523925906438	0.03133683304778721	3.680629442627294E-4	2.6499815435254725E-4	5.4190896165462024E-5	1.2713091305676202E-4	4.295796077081241E-4	6.849146681016997E-5	0.3224074503913744	9.630242259074366E-4	4.8258179158201395E-5	2.49024372612193E-4	6.426904803926368E-5
55	file:/Users/mlafleur/Projects/SDG_LLM/LLMs/chatgpt-api/results/separates/SDG_4/d_4_505.txt	2.722857815916279E-4	4.398588839556424E-4	0.0010094102691343653	6.67727402088523E-5	8.833345361595027E-5	0.6559877251897349	0.10646516569797533	2.4443640304701767E-5	9.913021277963612E-5	6.141118783517882E-4	1.3646036868374684E-4	9.047468163140467E-5	7.351768808923279E-5	0.23135738283144672	2.9243646961781927E-4	0.0026462058689657787	2.672989352536638E-4	6.898540865883349E-5
56	file:/Users/mlafleur/Projects/SDG_LLM/LLMs/chatgpt-api/results/separates/SDG_4/d_4_263.txt	8.295857762931867E-5	0.0013033912416783322	6.093102049861286E-4	6.36921335095931E-5	2.6102323894922855E-4	0.7494588536900579	0.01918077991303838	0.009922162104296021	0.0011551474346641539	2.3224917973688636E-4	0.0010139902274191029	4.398307904298163E-4	7.77186340560785E-4	0.21432000547088495	2.789447101873305E-4	4.9409778078378746E-5	7.852622449284396E-4	6.580271896539235E-5
57	file:/Users/mlafleur/Projects/SDG_LLM/LLMs/chatgpt-api/results/separates/SDG_4/d_4_277.txt	6.876433354553804E-4	7.404575640502243E-5	8.859960015483022E-5	7.141816868294068E-5	9.447887672362288E-5	0.5961790329650503	0.06114890578407711	2.6144202275450156E-5	5.024412068153775E-4	6.221444309132092E-5	1.459540165449145E-4	4.931835040215227E-4	7.863236753073328E-5	0.3289162513915773	0.004673340246417034	5.540332331396669E-5	0.006628526037764378	7.378477409865234E-5
58	file:/Users/mlafleur/Projects/SDG_LLM/LLMs/chatgpt-api/results/separates/SDG_4/d_4_511.txt	4.6934228137157505E-4	7.10058021315087E-5	8.496213669711324E-5	2.585558938280398E-4	9.060003911027289E-5	0.6486811269747638	0.0010472822222607494	2.5070850022822338E-5	1.0167383688961733E-4	5.9660224303748265E-5	1.3996186307287423E-4	6.630056206046772E-4	4.5554371678331487E-4	0.34715422637544335	1.0987041723368657E-4	5.312873557724487E-5	8.408786822988443E-5	4.508951416756538E-4
59	file:/Users/mlafleur/Projects/SDG_LLM/LLMs/chatgpt-api/results/separates/SDG_4/d_4_19.txt	9.203660153180726E-5	7.326162335422E-5	0.016952969350255764	7.066186137768803E-5	9.347836010473051E-5	0.6734076967748049	1.0001272695445851E-4	2.5867339237156525E-5	1.0490396727565667E-4	6.155560180947452E-5	5.366248514545281E-4	9.574430211538955E-5	7.77996629810434E-5	0.30562614791990583	5.055774144130951E-4	0.001427574239134922	6.750839984792178E-4	7.30034048099078E-5
60	file:/Users/mlafleur/Projects/SDG_LLM/LLMs/chatgpt-api/results/separates/SDG_4/d_4_25.txt	4.5083328584650086E-4	6.820561530396415E-5	8.161156746364881E-5	2.483594762628897E-4	8.70271333972758E-5	0.6265686295492319	0.0924756584928033	2.4082155269973403E-5	2.8023843000627444E-4	5.730746200533354E-5	1.3444232306951805E-4	8.91366958394408E-5	6.201530872759408E-4	0.2715711868122898	1.0553756434224559E-4	0.00662370494484457	8.077177667249973E-5	4.331136280750387E-4
61	file:/Users/mlafleur/Projects/SDG_LLM/LLMs/chatgpt-api/results/separates/SDG_4/d_4_31.txt	6.554477535336861E-5	5.217398909623952E-5	6.242889257723552E-5	5.032254291191765E-5	0.004954686096241627	0.5774758979431553	0.0763258121609429	1.8421681277560633E-5	7.470839703249777E-5	4.3837430165748454E-5	1.0284185937832107E-4	6.818525096615478E-5	5.540579886468288E-5	0.33804196021000643	3.600519521572186E-4	1.786986070208512E-4	0.0020170323166439205	5.1990096208004523E-5
62	file:/Users/mlafleur/Projects/SDG_LLM/LLMs/chatgpt-api/results/separates/SDG_4/d_4_35.txt	8.335640926146824E-5	0.0011320289180263656	0.002033134544845808	6.399757203268868E-5	4.3988778339586014E-4	0.6630032303242591	0.018562311032963522	2.3427728534853424E-5	2.7262301856372716E-4	2.33362941241489E-4	3.084016811435819E-4	8.671442772499507E-5	0.0014913645555344791	0.28745858183158196	6.355079934967617E-4	0.0012929362943430167	0.022813014664153475	6.611827889703503E-5
63	file:/Users/mlafleur/Projects/SDG_LLM/LLMs/chatgpt-api/results/separates/SDG_4/d_4_21.txt	7.176925999408215E-5	5.7128711910124465E-5	0.001291744042023118	3.609480838822909E-4	2.2581685024001624E-4	0.7043430013472901	0.001607222173427424	3.260177447312583E-4	5.405730706844618E-4	2.0092378920028755E-4	2.6553159658278556E-4	7.46604893825485E-5	6.0667431728330474E-5	0.2887890375250686	0.0010059377062969722	4.27454678044507E-5	6.793473541895474E-4	5.6927355563479795E-5
64	file:/Users/mlafleur/Projects/SDG_LLM/LLMs/chatgpt-api/results/separates/SDG_4/d_4_529.txt	2.622267250805795E-4	9.590151230345024E-4	9.721196148787429E-4	7.781805548060147E-4	8.50701499041481E-5	0.6656626072461268	0.023291941283194548	2.354061864222839E-5	4.5240534460247374E-4	5.601878624641223E-5	3.098877620005939E-4	8.713227451036609E-5	2.492703735214304E-4	0.30579826691398276	2.816329860257565E-4	5.852919057679286E-4	7.895545769831153E-5	6.643687997665014E-5
65	file:/Users/mlafleur/Projects/SDG_LLM/LLMs/chatgpt-api/results/separates/SDG_4/d_4_515.txt	7.206681881977928E-5	8.251523113896751E-4	0.0022184437646338945	2.0888724389363762E-4	8.409824906909255E-4	0.7696075248976247	0.02034788227657697	2.0254733650825644E-5	2.35699616370296E-4	2.0175682895538584E-4	0.0021093206820140386	2.2852738360019877E-4	6.091896183668928E-5	0.1972377325307175	8.876428342667268E-5	0.004956757835461894	6.821639612016548E-4	5.7163379135032696E-5
66	file:/Users/mlafleur/Projects/SDG_LLM/LLMs/chatgpt-api/results/separates/SDG_4/d_4_273.txt	7.954193938112274E-5	6.331580595998115E-5	7.57606561657684E-5	6.106898126088372E-5	2.5027303074475783E-4	0.7118130856164836	9.338605575807548E-4	5.308108401679367E-4	9.066246327007025E-5	0.002425989838372669	1.2480385965792996E-4	0.0036419326016654567	4.062078972746635E-4	0.27684647513542926	4.369414708974588E-4	4.737484278366124E-5	0.0021088018203754173	6.30926425287275E-5
67	file:/Users/mlafleur/Projects/SDG_LLM/LLMs/chatgpt-api/results/separates/SDG_4/d_4_267.txt	8.402800949698649E-5	6.688674158449409E-5	7.962087340817263E-4	6.45131986633288E-5	4.434319468446907E-4	0.6900093304746875	0.0017027044422134518	0.003783536640216754	9.577571761451966E-5	4.1428695678031105E-4	1.318426478684267E-4	6.245445341539714E-4	7.102990235438231E-5	0.29532498583210337	1.0349681272073241E-4	5.871781779106149E-4	0.005629568238701952	6.665099200299455E-5
68	file:/Users/mlafleur/Projects/SDG_LLM/LLMs/chatgpt-api/results/separates/SDG_4/d_4_501.txt	7.206681881977928E-5	5.1803761495974E-4	0.002064886416418927	5.5329895678669875E-5	0.0017623265799807319	0.6533646122988945	0.016969620615847683	0.0010951561711556002	0.0013106010538750702	4.81994807404181E-5	0.013011892405276749	6.89199428245102E-4	2.1447631005165708E-4	0.30733835120084935	0.0013172230691464147	4.292269258292571E-5	6.793456834178366E-5	5.7163379135032696E-5
69	file:/Users/mlafleur/Projects/SDG_LLM/LLMs/chatgpt-api/results/separates/SDG_4/d_4_298.txt	8.52645630145469E-5	2.4954966477944114E-4	8.121123638585342E-5	2.4714119287607317E-4	4.4995747728331347E-4	0.7076123092764873	0.0010010469065523087	0.012923146046747016	9.71851500314253E-5	5.70263504087387E-5	8.604973202099563E-4	8.869945157829586E-5	9.804682762966836E-4	0.26061007563220345	1.0501986852786424E-4	5.078321322387049E-5	0.014432986547510752	6.763182588331096E-5
70	file:/Users/mlafleur/Projects/SDG_LLM/LLMs/chatgpt-api/results/separates/SDG_4/d_4_449.txt	9.285604409312837E-5	7.391390398267385E-5	8.8441831871181E-5	2.691452661173407E-4	9.431063928016102E-5	0.6422067403379059	0.028987626741971334	2.6097647596725107E-5	0.0014908178702757412	6.210365855180204E-5	3.4354838885677485E-4	9.659675597452322E-5	7.849234778298139E-5	0.3253627399613727	5.100787936960924E-4	5.530466725668841E-5	8.753175700966269E-5	7.365338640447937E-5
71	file:/Users/mlafleur/Projects/SDG_LLM/LLMs/chatgpt-api/results/separates/SDG_4/d_4_461.txt	9.902786627267985E-5	7.882670719793881E-5	5.163301854637037E-4	2.870344271209938E-4	0.0011556039657317184	0.6602044347791732	0.009813838237856814	2.7832268555916993E-5	3.238776245807251E-4	0.013570549201136449	0.007118541732665844	1.0301721041902183E-4	2.947144288908736E-4	0.30584251520653083	1.2197204945244888E-4	5.89805784517121E-5	3.0435465658769465E-4	7.85488739115105E-5
72	file:/Users/mlafleur/Projects/SDG_LLM/LLMs/chatgpt-api/results/separates/SDG_4/d_4_307.txt	8.42996895843635E-5	9.652165150222831E-4	8.029223133321877E-5	2.443444862246912E-4	8.56202489936657E-5	0.6697874367462864	4.508507204444474E-4	2.3692842105997547E-5	4.553307863518903E-4	5.638102709522646E-5	3.1189162558754245E-4	8.769570815812333E-5	7.125955684927679E-5	0.3268156926296309	2.8345414244037974E-4	5.02085386884402E-5	7.94660166363318E-5	6.68664885670514E-5
73	file:/Users/mlafleur/Projects/SDG_LLM/LLMs/chatgpt-api/results/separates/SDG_4/d_4_313.txt	8.443618949360045E-5	6.721165502843872E-5	8.042224227802122E-5	4.2465368614014046E-4	8.575888718170772E-5	0.6289521136718129	0.015024578456246156	2.3731206076410484E-5	9.624096405229225E-5	0.0011359536322270067	4.923101993148963E-4	8.78377069752373E-5	7.137494188912866E-5	0.35289260415620183	1.0399956565893476E-4	5.028983745724567E-5	2.595082417118391E-4	6.697476025423553E-5
74	file:/Users/mlafleur/Projects/SDG_LLM/LLMs/chatgpt-api/results/separates/SDG_4/d_4_475.txt	9.269099031831776E-5	0.0024438134848644376	0.002063310428263296	7.11642737761243E-5	0.002661676544871469	0.6159823752344294	0.006420806398900657	2.6051258422045253E-5	5.006550049883406E-4	6.199326785646676E-5	1.4543514323699393E-4	9.64250529974713E-5	7.835282581193623E-5	0.3684324703990836	3.116695364143039E-4	4.502115226867136E-4	8.737616727879109E-5	7.352246579966175E-5
75	file:/Users/mlafleur/Projects/SDG_LLM/LLMs/chatgpt-api/results/separates/SDG_4/d_4_139.txt	7.858299700239441E-5	6.255248273639912E-5	7.484730021288523E-5	6.033274532531983E-5	7.981400409879454E-5	0.5840130540015301	0.0320667737417173	2.2086137557250975E-5	2.570112369329251E-4	0.006917670709326285	2.907410311883751E-4	8.174871823716567E-5	6.642716681269204E-5	0.3722995190211761	9.339991370942307E-4	0.0022235468790630223	4.08960680268258E-4	6.233200972070834E-5
76	file:/Users/mlafleur/Projects/SDG_LLM/LLMs/chatgpt-api/results/separates/SDG_4/d_4_105.txt	4.3441548212095585E-4	4.1757275719843775E-4	7.863955377606926E-5	6.338959664508501E-5	8.38579033520041E-5	0.6311955212966461	0.02876557275038867	3.750561224128749E-4	9.410762810973446E-5	5.522052057321169E-5	3.0547187262623503E-4	8.589064275734028E-5	6.979280136893064E-5	0.33662574836964404	9.81321639650531E-4	4.917508222957944E-5	2.537558236548771E-4	6.549015684547375E-5
77	file:/Users/mlafleur/Projects/SDG_LLM/LLMs/chatgpt-api/results/separates/SDG_4/d_4_111.txt	4.210812756480395E-4	2.3423001392735828E-4	7.622574466901686E-5	6.144387876741253E-5	8.128391912791019E-5	0.619494879867607	0.05107409556328674	0.0022393246185900264	2.6174455014136514E-4	0.00619244417508855	1.2557002039657156E-4	8.3254264424261E-5	0.004671839509172588	0.31196901452598363	9.857278425788341E-5	0.0017529208469569647	0.0010985944788277852	6.347996312710604E-5
78	file:/Users/mlafleur/Projects/SDG_LLM/LLMs/chatgpt-api/results/separates/SDG_4/d_4_110.txt	7.811214447970176E-5	6.217768162902694E-5	7.439883118693426E-5	5.997124441009596E-5	7.933577564468029E-5	0.6366035496527066	0.05750616665279994	2.1953802141422385E-5	8.90327729615061E-5	2.1868120212910263E-4	1.225604654987612E-4	8.125889738943589E-5	2.324676569965414E-4	0.3009967992322548	0.0012612798290262022	4.652326298569903E-5	0.002403772366119187	6.195852964052503E-5
79	file:/Users/mlafleur/Projects/SDG_LLM/LLMs/chatgpt-api/results/separates/SDG_4/d_4_104.txt	0.024433987109416758	6.688674158449409E-5	7.962087340817263E-4	6.45131986633288E-5	2.6438812993351556E-4	0.6787295700092835	9.131009001287854E-5	2.3616485082083177E-5	9.577571761451966E-5	0.02368998315523304	3.108864647796016E-4	6.245445341539714E-4	7.102990235438231E-5	0.2675731942108713	0.0017148911649213054	5.0046727177090605E-5	0.0011534728159225817	2.456948089141694E-4
80	file:/Users/mlafleur/Projects/SDG_LLM/LLMs/chatgpt-api/results/separates/SDG_4/d_4_138.txt	2.745755115508681E-4	6.981158544145585E-5	4.5727939349272527E-4	6.733425151077583E-5	2.7594937479865527E-4	0.7052324211739738	0.020464470781939494	9.590146919535314E-4	9.996382743531368E-5	5.865682411028411E-5	1.3760790342683075E-4	9.123550942003616E-5	0.001008501417611936	0.26955631535993607	2.9489565254593356E-4	5.2235185742680064E-5	8.301660281793537E-4	6.956552693028062E-5
81	file:/Users/mlafleur/Projects/SDG_LLM/LLMs/chatgpt-api/results/separates/SDG_4/d_4_312.txt	5.220291518877544E-4	7.897668745611142E-5	0.016372795189992025	4.989869901758104E-4	1.007705111065613E-4	0.695919826832057	0.0020104725297905458	2.78852238419099E-5	1.1308741817496798E-4	6.635749117617235E-5	1.5567353630072407E-4	1.0321321692955727E-4	2.952751696309537E-4	0.27090814785330464	1.2220412053745293E-4	5.909279831599167E-5	0.012355100519043018	2.901047602788549E-4
82	file:/Users/mlafleur/Projects/SDG_LLM/LLMs/chatgpt-api/results/separates/SDG_4/d_4_474.txt	9.47112067525699E-5	2.7719780715850016E-4	9.020880337661651E-5	7.271531163773763E-5	2.980020470192924E-4	0.704480091819645	0.003937255613430875	2.6619050180623156E-5	1.0795250116200644E-4	6.334442203128495E-5	1.4860492775948302E-4	9.852665398447282E-5	2.818677232809343E-4	0.28564928814925616	7.220767964726323E-4	5.6409594292827773E-5	0.003520002671687698	7.512490087113022E-5
83	file:/Users/mlafleur/Projects/SDG_LLM/LLMs/chatgpt-api/results/separates/SDG_4/d_4_460.txt	4.7668109867887135E-4	0.0031607850124548377	8.629063750346613E-5	6.95569652031331E-5	2.850585048476354E-4	0.638940849507938	0.0028010342084403895	2.546286752339449E-5	2.9630545680896215E-4	6.0593094629000064E-5	3.3519216936753296E-4	9.424720720336492E-5	7.658315738193444E-5	0.3506520459453452	1.1158839354129325E-4	0.0021774193706291948	8.540269863658831E-5	2.6490370386715383E-4
