#doc name topic proportion ...
0	file:/Users/mlafleur/Projects/SDG_LLM/LLMs/chatgpt-api/results/separates/SDG_5/d_5_516.txt	0.0016054215824407568	5.728639958635319E-5	2.2189158009563678E-4	5.5253534402668474E-5	7.309473151782337E-5	0.6018589086658267	0.3664204182679099	2.0226779914646055E-5	8.202890288808794E-5	3.5482380494721244E-4	2.662645215697224E-4	7.486656857956166E-5	6.083488704129212E-5	0.027672176706723322	8.553688908938307E-4	4.286345459711632E-5	6.784081124610233E-5	2.1042990981956738E-4
1	file:/Users/mlafleur/Projects/SDG_LLM/LLMs/chatgpt-api/results/separates/SDG_5/d_5_270.txt	4.122241390887594E-4	6.236451906363592E-5	0.004581965614915411	2.2709008962098462E-4	0.01076364699628713	0.6221564902697182	0.35032239889347416	1.8895840891180028E-4	4.2317758291774945E-4	8.870928678434217E-4	1.229287468878116E-4	8.15030718830746E-5	2.33166198008764E-4	0.007087628641492626	2.634380157489331E-4	0.0013821721636445355	7.416090719468201E-4	6.21447085463139E-5
2	file:/Users/mlafleur/Projects/SDG_LLM/LLMs/chatgpt-api/results/separates/SDG_5/d_5_264.txt	8.362375694801898E-5	4.229298550673461E-4	7.964843133975933E-5	2.4238528075709795E-4	0.0013322108801359907	0.5633874909092994	0.4188196290766193	2.3502867916221032E-5	9.531494770926265E-5	9.46841203809089E-4	1.3120836262494074E-4	8.699254553079126E-5	7.068818273908306E-5	0.013979569665830607	1.0299889719705374E-4	4.980595606814811E-5	7.882884140603585E-5	6.633033900205216E-5
3	file:/Users/mlafleur/Projects/SDG_LLM/LLMs/chatgpt-api/results/separates/SDG_5/d_5_502.txt	8.322337543411289E-5	4.209049126128569E-4	7.926708325538803E-5	6.38954342124012E-5	8.452707432132438E-5	0.6560932330884718	0.34056275317723056	2.3390338723789737E-5	9.485859003705908E-5	5.566117038439569E-5	3.079094831666194E-4	8.657603462110068E-5	7.0349735356984E-5	8.094910004039184E-5	1.025057496048444E-4	9.362141505649408E-4	7.877687454566179E-4	6.60127565049628E-5
4	file:/Users/mlafleur/Projects/SDG_LLM/LLMs/chatgpt-api/results/separates/SDG_5/d_5_258.txt	7.85829970023944E-5	6.25524827363991E-5	0.0010794979978924028	6.0332745325319824E-5	2.472557870453807E-4	0.5721246874123225	0.3893875385497325	1.8952792050383723E-4	8.95694539863388E-5	5.255760851624673E-5	6.256245970815474E-4	2.4919050118375193E-4	6.642716681269203E-5	0.033564792120231966	5.99115571201058E-4	0.0013863379643300907	7.407711437508535E-5	6.233200972070833E-5
5	file:/Users/mlafleur/Projects/SDG_LLM/LLMs/chatgpt-api/results/separates/SDG_5/d_5_2.txt	6.663358605164646E-5	1.9502110225327098E-4	6.346594313928675E-5	5.115848632299269E-5	3.516382330725622E-4	0.499466843717837	0.49728781826591023	4.446689390612356E-4	7.594943114241165E-5	4.4565644774649726E-5	1.0455023836227844E-4	6.931792447546896E-5	5.632618384159771E-5	0.001058675564287284	8.207220208810715E-5	1.816670961802492E-4	6.28128725482372E-5	3.3681456865173194E-4
6	file:/Users/mlafleur/Projects/SDG_LLM/LLMs/chatgpt-api/results/separates/SDG_5/d_5_106.txt	3.106227171568818E-4	7.897668745611142E-5	9.4499715714834E-5	7.617412071406528E-5	0.0039060863362622676	0.554700328431834	0.4085450465172586	2.3929165857278245E-4	3.2449385290584054E-4	0.01232793070556678	1.5567353630072407E-4	5.260260863913024E-4	8.386873490008109E-5	0.017220426176257568	1.2220412053745293E-4	5.909279831599167E-5	9.352730465240866E-5	0.0011357304992023448
7	file:/Users/mlafleur/Projects/SDG_LLM/LLMs/chatgpt-api/results/separates/SDG_5/d_5_112.txt	2.576740380432111E-4	6.55143389200824E-5	7.839131524266013E-5	5.892999200782899E-4	4.343334742488003E-4	0.5641407277296409	0.40957871579522426	2.313191480278879E-5	9.381056208554141E-5	0.0016333774770192872	6.552478830083279E-4	8.561951498298434E-5	0.0030508648860374126	0.018669289694507415	1.0137323339587293E-4	4.901985308970277E-5	2.52954802152549E-4	2.406535675201635E-4
8	file:/Users/mlafleur/Projects/SDG_LLM/LLMs/chatgpt-api/results/separates/SDG_5/d_5_73.txt	7.741635113470514E-5	6.162382643310362E-5	0.010301004177396912	5.9437043319732174E-5	4.0854095565009924E-4	0.6149322009382377	0.34929584301117655	2.17582460018602E-5	8.82397028015989E-5	2.167332729545704E-4	1.2146874337511771E-4	0.0010702706929411445	5.603087963055851E-4	0.022179396256903152	4.252651443942548E-4	4.610885141130692E-5	7.297736299536379E-5	6.140662656736264E-5
9	file:/Users/mlafleur/Projects/SDG_LLM/LLMs/chatgpt-api/results/separates/SDG_5/d_5_67.txt	2.787955622109468E-4	2.6062976509796677E-4	0.0055874284283054685	6.836913605284218E-5	9.04453207910386E-5	0.6344809495011644	0.3256995653115938	2.5028036357227943E-5	1.0150020776861312E-4	5.955834212223859E-5	5.192132893631292E-4	9.263774106690066E-5	2.6502056152775694E-4	0.028738145061746163	2.9942801082563495E-4	0.003088961528391405	2.7368949086074515E-4	7.06347047538334E-5
10	file:/Users/mlafleur/Projects/SDG_LLM/LLMs/chatgpt-api/results/separates/SDG_5/d_5_98.txt	8.639467978099408E-5	6.877062369296882E-5	0.0035799336299014418	6.63302293310403E-5	0.0017445277417790332	0.5516813756826274	0.41373654307931157	2.428164939801856E-5	9.847326508904261E-5	6.100420860156607E-4	3.1964266122288924E-4	8.987509517346915E-5	7.303047764093728E-5	0.026960681955392352	4.745850900158133E-4	5.145630599171317E-5	2.655275134712517E-4	6.852823416447609E-5
11	file:/Users/mlafleur/Projects/SDG_LLM/LLMs/chatgpt-api/results/separates/SDG_5/d_5_462.txt	7.684592253441384E-5	6.11697622394081E-5	7.319280319499829E-5	5.899909204807725E-5	8.967521584940023E-4	0.5214900974875533	0.4693637443267603	2.1597924239987972E-5	2.5133001230812893E-4	2.1513631241954195E-4	4.4805469865882234E-4	7.994166560928497E-5	3.9243977264959834E-4	7.297078782977872E-4	2.5839116584448795E-4	0.004957983747947166	5.63661106428705E-4	6.095416277220801E-5
12	file:/Users/mlafleur/Projects/SDG_LLM/LLMs/chatgpt-api/results/separates/SDG_5/d_5_304.txt	8.981724986338854E-5	7.149500764572862E-5	8.510647728123969E-4	8.344752120585274E-4	9.12242421667949E-5	0.6118123835418754	0.38170796325826983	2.1662289860824353E-4	1.0237433459776483E-4	0.0013997264961575341	3.323054711566912E-4	9.343554371813451E-5	7.592361791890884E-5	0.0020011559719294468	1.1062738655657112E-4	5.349477426179888E-5	8.466720467257215E-5	7.124301573025318E-5
13	file:/Users/mlafleur/Projects/SDG_LLM/LLMs/chatgpt-api/results/separates/SDG_5/d_5_310.txt	7.54031667091862E-4	6.30273865453922E-5	4.128415779509543E-4	2.2950381200831303E-4	0.04057154363340879	0.5386765916343552	0.4087089645937538	1.9096683271675627E-4	9.02494729561181E-5	0.004439495028460144	1.24235346699827E-4	8.236936151098637E-5	6.693148755521006E-5	0.005138406295334059	9.752506202332155E-5	4.7159038464111975E-5	7.463951417501325E-5	2.315182549903063E-4
14	file:/Users/mlafleur/Projects/SDG_LLM/LLMs/chatgpt-api/results/separates/SDG_5/d_5_476.txt	9.219933096240881E-5	0.002234395833033615	8.736362199725121E-4	7.078679824275973E-5	9.364363870107408E-5	0.5431699700716287	0.4493927072356506	2.5913075143471853E-5	1.0508944742788407E-4	6.166443794494753E-5	1.4466371390384227E-4	9.591358711187213E-5	7.793722015554991E-5	0.0026435943836874603	1.1356138205243894E-4	5.4913531692684435E-5	8.691269925478409E-5	6.624973934334646E-4
15	file:/Users/mlafleur/Projects/SDG_LLM/LLMs/chatgpt-api/results/separates/SDG_5/d_5_338.txt	7.787882783393397E-5	6.199196034053932E-5	2.401179709758747E-4	5.979211362727743E-5	7.909880408044918E-5	0.6106405522159383	0.3747802301153543	2.1888227351335584E-5	2.547082019775323E-4	5.208664852621191E-5	1.2219438418190092E-4	5.788402764883532E-4	2.3177328899088483E-4	0.011525704788020367	9.592290127410305E-5	5.442083954991676E-4	4.052960516190256E-4	2.2771482792061285E-4
16	file:/Users/mlafleur/Projects/SDG_LLM/LLMs/chatgpt-api/results/separates/SDG_5/d_5_489.txt	7.003426077507311E-5	0.005577126207863245	0.004394271938815286	5.014487255145295E-4	0.0017126222760277976	0.5918108049699562	0.39284011392837537	1.9683473221968367E-5	7.982554416662207E-5	3.452929676729316E-4	2.5911245400375737E-4	2.2208204329547644E-4	5.920081570530589E-5	8.142526475572618E-4	2.3548724114313312E-4	9.370707957471388E-4	6.601855545737927E-5	5.555115470184304E-5
17	file:/Users/mlafleur/Projects/SDG_LLM/LLMs/chatgpt-api/results/separates/SDG_5/d_5_488.txt	7.695933476572238E-5	6.126003897752751E-5	4.0126510939185326E-4	5.9086165225855204E-5	4.061291924838519E-4	0.6024470008357982	0.39085307485933457	2.162979930503899E-5	8.771879232230835E-5	0.0013633288178798947	1.2075167000200559E-4	8.005964665983725E-5	6.505466530018806E-5	0.0023706062367634733	2.587725096777371E-4	4.5836654394254354E-5	0.001056439407706427	2.250262640114529E-4
18	file:/Users/mlafleur/Projects/SDG_LLM/LLMs/chatgpt-api/results/separates/SDG_5/d_5_339.txt	6.370313640221883E-5	5.070803471561229E-5	6.0674801886901446E-5	4.890860938864514E-5	6.470104964001107E-5	0.5091275698066885	0.44406272281895703	1.7904079598349467E-5	7.26092839725895E-5	4.260571156611485E-5	9.995226866695325E-5	6.626942146798046E-5	5.384903897407895E-5	0.045397892798546335	2.1419910308902014E-4	4.451502752922844E-4	6.005045240480002E-5	5.052930874272619E-5
19	file:/Users/mlafleur/Projects/SDG_LLM/LLMs/chatgpt-api/results/separates/SDG_5/d_5_311.txt	2.2074303995206623E-4	5.612453021457968E-5	6.715592057281168E-5	5.048388141446238E-4	0.003827494899726679	0.5451824962247815	0.4348575946578196	1.7005185142930117E-4	8.036521184529186E-5	0.01101433410150777	1.1062890041540169E-4	3.738187550058E-4	5.960104807604117E-5	0.0026225811509428642	8.684396720566271E-5	4.92700027042817E-4	6.646487976302321E-5	2.061620195543418E-4
20	file:/Users/mlafleur/Projects/SDG_LLM/LLMs/chatgpt-api/results/separates/SDG_5/d_5_477.txt	9.402808718735349E-5	7.484685650694063E-5	0.002493777569372603	4.7289407615726763E-4	9.550104249580316E-5	0.5543443465385519	0.3996033023049148	2.6427056069162134E-5	1.0717387666564173E-4	0.0018660520988124712	3.4788470880906485E-4	9.781601490236363E-5	7.94830901204031E-5	0.03956072721577061	5.165170857157546E-4	5.6002731168086685E-5	8.863659614351244E-5	7.458305063629918E-5
21	file:/Users/mlafleur/Projects/SDG_LLM/LLMs/chatgpt-api/results/separates/SDG_5/d_5_463.txt	9.540432476445719E-5	0.043578729995496314	0.004766402223517706	7.32474587189989E-5	0.0011133191110286455	0.6354369564508833	0.2871407571512393	2.681385440466522E-5	0.0013284468484978007	0.007585318004484761	7.595446154691959E-4	9.924769430133872E-5	0.007195588345360601	0.009443863679615172	1.175089543594279E-4	5.682241245013156E-5	4.965020302676594E-4	6.855268451405835E-4
22	file:/Users/mlafleur/Projects/SDG_LLM/LLMs/chatgpt-api/results/separates/SDG_5/d_5_305.txt	2.665074147517658E-4	6.776024945064181E-5	8.107866404766996E-5	6.535570922921697E-5	8.645886767084048E-5	0.6135895708619733	0.3844410471822609	2.3924904732992622E-5	2.784085421450296E-4	5.693325840634835E-5	3.149464887250167E-4	8.855465519032493E-5	7.195751785737223E-5	8.279912187496862E-5	1.048484300650842E-4	5.070031275815698E-5	2.616263977646637E-4	6.752142109584575E-5
23	file:/Users/mlafleur/Projects/SDG_LLM/LLMs/chatgpt-api/results/separates/SDG_5/d_5_99.txt	6.910613904714932E-5	5.500885350038624E-5	0.001096562833757225	4.948033286410698E-4	7.018869062722284E-5	0.5602608308704458	0.43637340730439395	1.942262004844823E-5	7.876766447796043E-5	4.621932912534143E-5	1.0842975348912193E-4	7.189008443202629E-5	5.841626307693771E-5	5.089641698209106E-4	2.323664710695299E-4	3.3565700377751135E-4	6.51436514448571E-5	5.4814968824824586E-5
24	file:/Users/mlafleur/Projects/SDG_LLM/LLMs/chatgpt-api/results/separates/SDG_5/d_5_66.txt	2.532767375035914E-4	0.0012710380164166534	0.005593129897330247	6.211114548624302E-5	4.269214166150823E-4	0.5769225226297716	0.3855237458235761	8.846240912893748E-4	9.220965095606394E-5	0.0012607485279563285	0.0023678397031249355	8.415838703118999E-5	6.838520938994214E-5	0.02369439049390976	2.7202064874233897E-4	0.0010824476287515823	7.626065088440595E-5	6.416934126463615E-5
25	file:/Users/mlafleur/Projects/SDG_LLM/LLMs/chatgpt-api/results/separates/SDG_5/d_5_72.txt	7.639559665231718E-5	2.2359225053388912E-4	7.276388500942829E-5	5.8653350630794455E-5	0.0017054018388682347	0.53699113427039	0.421360115058015	2.1471357937391063E-5	8.707623964634649E-5	0.020398713399845336	1.1986714678146736E-4	7.305969986671555E-4	3.9014003076402054E-4	0.016677964815320315	9.409601401657675E-5	8.594056447923664E-4	7.201513771222233E-5	6.059696441720662E-5
26	file:/Users/mlafleur/Projects/SDG_LLM/LLMs/chatgpt-api/results/separates/SDG_5/d_5_113.txt	3.776159014450327E-4	5.7128711910124465E-5	0.03554656788452959	5.5101442431340316E-5	7.2893529514541E-5	0.6213056381933573	0.3073009403036526	7.847877069076848E-4	8.180310850803589E-5	0.0012713870342786144	2.655315965827856E-4	3.805071308334992E-4	6.0667431728330474E-5	0.03080739546119181	8.839778194412023E-5	3.485921092554012E-4	8.322706749150227E-4	3.627739970144304E-4
27	file:/Users/mlafleur/Projects/SDG_LLM/LLMs/chatgpt-api/results/separates/SDG_5/d_5_107.txt	7.551059522913883E-5	6.010683461642483E-5	7.192095498975186E-5	3.7976432616159485E-4	7.669347297784108E-5	0.6113788900300487	0.35903929335205315	2.1222623937463772E-5	8.606750878502796E-5	0.0010158740634389322	1.1847855110131687E-4	7.855254455514658E-5	2.2472524942512172E-4	0.026782053832778204	9.300596288838054E-5	3.6676423393841313E-4	7.118088152261812E-5	5.989498155301638E-5
28	file:/Users/mlafleur/Projects/SDG_LLM/LLMs/chatgpt-api/results/separates/SDG_5/d_5_3.txt	7.196735876884408E-5	2.1063182195354442E-4	6.854615772844556E-5	2.085989567698597E-4	0.00942716549591649	0.5928115287461624	0.382521687616465	2.0226779914646055E-5	8.202890288808794E-5	4.813296021282993E-5	5.729553663041049E-4	7.486656857956166E-5	6.083488704129212E-5	0.013411052426574538	2.4198720142506522E-4	4.286345459711632E-5	6.784081124610233E-5	5.7084487452376116E-5
29	file:/Users/mlafleur/Projects/SDG_LLM/LLMs/chatgpt-api/results/separates/SDG_5/d_5_259.txt	7.529253945272534E-5	5.412250492128967E-4	7.171326519955619E-5	5.780646935060852E-5	7.647200134534655E-5	0.6392930404640934	0.3563981714104613	6.628837224923166E-4	8.581896727379837E-5	5.035689606785836E-5	1.1813641457901364E-4	7.832570438734959E-5	6.364570287164014E-5	0.001837971549450204	9.273738485125648E-5	4.484391815322025E-5	7.097532888011661E-5	3.805832118776771E-4
30	file:/Users/mlafleur/Projects/SDG_LLM/LLMs/chatgpt-api/results/separates/SDG_5/d_5_265.txt	4.037319332535193E-4	5.515783849537098E-4	0.006286067794688884	5.891227512594772E-5	5.684335021891438E-4	0.6348454090700508	0.320215491013429	2.1566142982992108E-5	8.746063663556875E-5	5.1320195628020954E-5	1.2039629882703793E-4	2.4332357636557087E-4	3.9186229913263477E-4	0.035227038024545736	9.451139971344067E-5	3.727008466752598E-4	3.99332136831296E-4	6.086446897152116E-5
31	file:/Users/mlafleur/Projects/SDG_LLM/LLMs/chatgpt-api/results/separates/SDG_5/d_5_503.txt	2.7093018300952096E-4	6.888475054824546E-5	0.0011887769605486527	6.644030628071475E-5	2.7228580652835044E-4	0.6309635617256224	0.34546049478843216	2.4321945503214557E-5	9.86366843438048E-5	5.787808243056812E-5	1.3578098880125667E-4	9.002424551454548E-5	7.315167384805215E-5	0.020182915229917962	1.0658842033439525E-4	6.047180854467383E-4	2.6596816412227957E-4	6.864195876726246E-5
32	file:/Users/mlafleur/Projects/SDG_LLM/LLMs/chatgpt-api/results/separates/SDG_5/d_5_517.txt	8.457313216707422E-5	6.732066212342243E-5	8.055267493883122E-5	6.49317210979524E-5	8.589797506991338E-5	0.6407844991266387	0.34716739578427547	2.376969448788844E-5	9.63970522769511E-5	5.971799432426403E-4	0.0010337246849002144	8.798016639337467E-5	7.149070120299575E-5	0.002064520759969502	1.0416823715686546E-4	0.0072585851762560225	2.5992912466050875E-4	6.708338314187987E-5
33	file:/Users/mlafleur/Projects/SDG_LLM/LLMs/chatgpt-api/results/separates/SDG_5/d_5_271.txt	6.064998048288318E-4	6.530818302530228E-5	2.5296293761340697E-4	7.622638513341313E-4	8.333014709635427E-5	0.5658618955024208	0.4114366117940062	2.3059124926973E-5	2.6833366425930353E-4	0.0030267840691329596	1.2873109937123597E-4	8.535009354009243E-5	6.935356325243296E-5	0.014414903325206134	2.758725378896674E-4	0.00232150348300543	2.5215882184600417E-4	6.507799724480255E-5
34	file:/Users/mlafleur/Projects/SDG_LLM/LLMs/chatgpt-api/results/separates/SDG_5/d_5_501.txt	2.2224555072990375E-4	5.650654774757545E-5	6.761302442749341E-5	5.450135638635E-5	0.0026434839570083244	0.5647754177457782	0.4301033458912633	1.995142849401415E-5	8.091222613388264E-5	5.012514124544555E-4	1.1138190769142068E-4	7.3847394192773E-5	6.000672889444482E-5	8.253372405673354E-4	2.3869297861904733E-4	4.227994535015205E-5	6.691727997556583E-5	5.6307384286059735E-5
35	file:/Users/mlafleur/Projects/SDG_LLM/LLMs/chatgpt-api/results/separates/SDG_5/d_5_267.txt	6.240708742944949E-5	4.967637285379488E-5	3.253898547906705E-4	4.7913557079799595E-5	6.338469798671769E-5	0.5635280009800576	0.4227945297974147	0.001480262013658827	7.113203821639916E-5	0.0037650317525567975	9.791872616892236E-5	6.492116107657211E-5	3.1870296295251013E-4	0.00617753993627251	2.0984119320882519E-4	7.020431224067527E-4	5.8828717784668115E-5	1.8247602808463942E-4
36	file:/Users/mlafleur/Projects/SDG_LLM/LLMs/chatgpt-api/results/separates/SDG_5/d_5_273.txt	9.754591388202382E-5	7.764706522869892E-5	9.290875353921186E-5	7.489168146119959E-5	9.907397614477957E-5	0.5565853521880121	0.41891825736601407	2.7415758552457485E-5	3.1903079471259726E-4	0.012120382235099066	3.608999487434654E-4	3.0932283185824516E-4	8.245675197575187E-5	0.009863702137141016	5.358412860343654E-4	5.809793387368888E-5	2.997999880088983E-4	7.737338971844537E-5
37	file:/Users/mlafleur/Projects/SDG_LLM/LLMs/chatgpt-api/results/separates/SDG_5/d_5_515.txt	8.429968958436348E-5	2.467257033053668E-4	8.029223133321876E-5	6.47217832954621E-5	8.562024899366569E-5	0.6072787361269145	0.38915437985929635	2.3692842105997543E-5	2.757080834226611E-4	5.6381027095226454E-5	1.322689226583132E-4	8.769570815812332E-5	7.125955684927678E-5	6.20864110150803E-4	1.0383143951115065E-4	0.0013075674591930438	2.590887195655608E-4	6.686648856705139E-5
38	file:/Users/mlafleur/Projects/SDG_LLM/LLMs/chatgpt-api/results/separates/SDG_5/d_5_529.txt	8.88985295011262E-5	4.496071878351811E-4	8.46724505283514E-5	6.825258064442941E-5	9.029112999805161E-5	0.6076379320333556	0.36359692797385185	2.498536866873863E-5	6.695924003636034E-4	5.945680731733657E-5	1.394846503112544E-4	9.247981264527862E-5	7.514701237971875E-5	0.016755582571986713	1.0949580400635971E-4	0.009902878236633583	8.380116295935075E-5	7.051428701366576E-5
39	file:/Users/mlafleur/Projects/SDG_LLM/LLMs/chatgpt-api/results/separates/SDG_5/d_5_298.txt	7.7995311670255E-5	2.2827424657485766E-4	2.4047711688506237E-4	5.988154505518617E-5	0.00705917882089946	0.5459090130322799	0.402429690194945	2.1920965706072858E-5	4.212787350662475E-4	5.2164554843117134E-5	1.2237715106530527E-4	8.113735796252871E-5	6.593038922618427E-5	0.042121823719496104	9.270141961523065E-4	4.645367785837402E-5	7.352312642316078E-5	6.186585789101272E-5
40	file:/Users/mlafleur/Projects/SDG_LLM/LLMs/chatgpt-api/results/separates/SDG_5/d_5_1.txt	7.464586351242063E-5	5.9418503579877775E-5	3.892026961919862E-4	5.7309978553582454E-5	7.58151951898305E-5	0.5598427543348226	0.42586514605177017	2.09795868381664E-5	8.508188147803228E-5	8.451878012536918E-4	7.533324894450869E-4	7.765297706399345E-5	2.2215174235454946E-4	0.011206293767452436	9.194087784025654E-5	4.4458760697389065E-5	7.036573279163824E-5	2.182617591646639E-4
41	file:/Users/mlafleur/Projects/SDG_LLM/LLMs/chatgpt-api/results/separates/SDG_5/d_5_58.txt	9.107216149762509E-5	7.249392396771488E-5	0.002997541336771601	6.992140457171915E-5	9.249881206281872E-5	0.6188080982069994	0.3757860353933439	2.5596278625151387E-5	1.0380469172548098E-4	6.0910568358378256E-5	1.428951487822461E-4	9.474100955060486E-5	7.698441004497244E-5	8.858339947774024E-5	1.1217305394970753E-4	6.364019112992861E-4	8.585016073439217E-5	6.54398128237262E-4
42	file:/Users/mlafleur/Projects/SDG_LLM/LLMs/chatgpt-api/results/separates/SDG_5/d_5_111.txt	7.85829970023944E-5	3.97436048629572E-4	5.77172649052644E-4	6.0332745325319824E-5	7.495811358851397E-4	0.6109711810559304	0.34853174351076543	2.208613755725097E-5	0.007959333252475895	0.015959526988441945	1.232992482417887E-4	8.174871823716566E-5	6.642716681269203E-5	0.013639219949588203	9.679022236129928E-5	5.491290495971593E-4	7.407711437508535E-5	6.233200972070833E-5
43	file:/Users/mlafleur/Projects/SDG_LLM/LLMs/chatgpt-api/results/separates/SDG_5/d_5_105.txt	9.044035273580462E-5	7.199100083963315E-5	0.00201321101754071	2.6214333210675345E-4	0.013003226369486823	0.5728904337913516	0.3658561716078755	2.5418705667186722E-5	1.0308455164456348E-4	0.0017948510396017818	1.4190382052630462E-4	9.408374833100209E-5	7.645033438463729E-5	0.04132726769802886	0.0014603438862868172	4.39279899563911E-4	2.779615832858729E-4	7.173726074230403E-5
44	file:/Users/mlafleur/Projects/SDG_LLM/LLMs/chatgpt-api/results/separates/SDG_5/d_5_64.txt	7.58400574053579E-5	6.036908825749698E-5	5.57026437100907E-4	5.822683078319952E-5	5.61819778182201E-4	0.6088753013593948	0.38759256368216105	2.131522090145668E-5	2.4804025942432777E-4	2.1232031246118903E-4	2.8059271517409114E-4	7.889527913693805E-5	6.410852648183357E-5	5.585592306083327E-4	9.341175954302975E-5	5.299616995153449E-4	7.149145261612454E-5	6.0156310852662036E-5
45	file:/Users/mlafleur/Projects/SDG_LLM/LLMs/chatgpt-api/results/separates/SDG_5/d_5_70.txt	3.3476681399694386E-4	1.862168660533424E-4	0.003449868321670629	4.884893421804407E-5	0.008605576334848578	0.5224701470794417	0.4356578050441194	1.7882234180582697E-5	7.252069074815625E-5	0.023089573075719308	9.983031327383897E-5	6.61885637400432E-5	1.8935403785843685E-4	0.005213573373213298	7.836704893143204E-5	3.789502511664723E-5	1.955478847194052E-4	1.8603835815050692E-4
46	file:/Users/mlafleur/Projects/SDG_LLM/LLMs/chatgpt-api/results/separates/SDG_5/d_5_139.txt	9.155184164561287E-5	7.287575191167945E-5	2.822749528527243E-4	7.028968296921112E-5	2.880613303772359E-4	0.5370145401008575	0.4169754532371794	2.5731095088458552E-5	4.94502082439375E-4	0.0029873612456238177	1.4364778235311388E-4	9.524001364509898E-5	7.738988953064477E-5	0.04066471735278185	5.029145211098405E-4	5.4527889793254114E-5	8.6302336428135E-5	7.261889341315415E-5
47	file:/Users/mlafleur/Projects/SDG_LLM/LLMs/chatgpt-api/results/separates/SDG_5/d_5_475.txt	8.01532544510013E-5	0.0019424663485076692	5.887058010814407E-4	6.153832345743281E-5	5.937717504029962E-4	0.6180560716066542	0.3754783107798417	2.2527466131283E-5	9.135924449643371E-5	5.3607822677092326E-5	1.2576303265247237E-4	2.541698638389324E-4	4.093297850616568E-4	9.319010285075798E-4	2.695119295958635E-4	4.7738939454576126E-5	9.294954857284444E-4	6.357753745933095E-5
48	file:/Users/mlafleur/Projects/SDG_LLM/LLMs/chatgpt-api/results/separates/SDG_5/d_5_313.txt	6.901467806569603E-5	5.493605007366994E-5	0.0015362734227691568	5.298658939311902E-5	0.0012465274613217693	0.5667249776605128	0.39167968595814406	1.9396914490063416E-5	6.668792488152338E-4	0.0015166977390295776	1.0828624826933115E-4	5.129568130954267E-4	2.0539290804481844E-4	0.034918916747270254	8.500497933374401E-5	3.352127665589305E-4	2.1211139281095603E-4	5.4742422001688814E-5
49	file:/Users/mlafleur/Projects/SDG_LLM/LLMs/chatgpt-api/results/separates/SDG_5/d_5_307.txt	6.210976235624264E-5	8.43486994005068E-4	4.5618082077081474E-4	4.768528329787607E-5	3.277651464619958E-4	0.558196369364535	0.4064873654021126	1.7456253991004515E-5	7.079314500184316E-5	0.014599073750584805	9.745221357194515E-5	4.616355049869957E-4	5.250214043896899E-5	0.005221719874002596	7.650023463835324E-5	0.01287409022323822	5.854844107985049E-5	4.9265444925983667E-5
50	file:/Users/mlafleur/Projects/SDG_LLM/LLMs/chatgpt-api/results/separates/SDG_5/d_5_461.txt	8.770241195056572E-5	6.981158544145585E-5	8.353319429212038E-5	6.733425151077583E-5	0.027933168115643423	0.5796536982425705	0.3596391465564886	2.115222935523207E-4	9.996382743531368E-5	6.192761229111915E-4	1.3760790342683075E-4	9.123550942003616E-5	7.413591961042353E-5	0.03054562097114921	2.9489565254593356E-4	5.2235185742680064E-5	8.267362977814341E-5	2.564386265305831E-4
51	file:/Users/mlafleur/Projects/SDG_LLM/LLMs/chatgpt-api/results/separates/SDG_5/d_5_449.txt	3.3517577413203463E-4	5.07080347156123E-5	4.678837584816251E-4	4.890860938864514E-5	6.470104964001107E-5	0.559757216743299	0.4051063993047285	1.790407959834947E-5	7.260928397258951E-5	4.498146681608385E-4	9.995226866695326E-5	6.626942146798046E-5	5.3849038974078954E-5	0.03304588778183973	2.1419910308902022E-4	3.794131869756087E-5	6.0050452404800026E-5	5.052930874272619E-5
52	file:/Users/mlafleur/Projects/SDG_LLM/LLMs/chatgpt-api/results/separates/SDG_5/d_5_448.txt	7.328214408524086E-5	5.8332975677151495E-5	2.2594535942466393E-4	5.626297169416322E-5	0.03036693238932159	0.5389968904674758	0.40325097768955087	2.059630679022842E-5	8.352750446083437E-5	4.901231038497959E-5	0.0015203043101760126	7.623432010944042E-5	6.194629112190393E-5	0.024898639649380428	9.026119251861971E-5	4.3646535172510815E-5	6.908020788375461E-5	5.812737477213298E-5
53	file:/Users/mlafleur/Projects/SDG_LLM/LLMs/chatgpt-api/results/separates/SDG_5/d_5_306.txt	8.711634271496219E-5	4.4059372053014464E-4	4.542236350632696E-4	4.3813294132322633E-4	6.453539991216691E-4	0.5410684277862479	0.41867751816430504	2.448447631271492E-5	2.8492014624439477E-4	5.8264851309255305E-5	5.079369912688731E-4	9.062583034649097E-5	7.3640508130049E-5	0.03591023034131357	1.0730069486185955E-4	7.943834240061453E-4	2.6774548991270226E-4	6.910065698787393E-5
54	file:/Users/mlafleur/Projects/SDG_LLM/LLMs/chatgpt-api/results/separates/SDG_5/d_5_460.txt	1.0153450763830179E-4	0.031234649525497156	7.457458098991687E-4	0.0011596840794466246	7.521631247494244E-4	0.6280216480161652	0.33544667161808994	2.8536772432323425E-5	1.1572974761521675E-4	6.790795855216784E-5	0.0010246950039102401	1.0562483199794442E-4	3.0217438340983025E-4	9.875983728720331E-5	5.577515139749997E-4	6.047352345073163E-5	9.571260479046484E-5	8.05371410930678E-5
55	file:/Users/mlafleur/Projects/SDG_LLM/LLMs/chatgpt-api/results/separates/SDG_5/d_5_474.txt	1.1104835632061106E-4	8.839508108145669E-5	0.002708564960800758	8.52582932219123E-5	1.1278793510850174E-4	0.5269140570363222	0.43691710522458926	0.0012142996168541496	8.364270577075035E-4	0.006462951202585103	1.7423844056749875E-4	1.1552194670403577E-4	9.387053142500701E-5	0.02305993894902758	1.3677761743804756E-4	5.393755036953024E-4	3.4129872352820623E-4	8.808352302259616E-5
56	file:/Users/mlafleur/Projects/SDG_LLM/LLMs/chatgpt-api/results/separates/SDG_5/d_5_312.txt	7.04125275841873E-5	5.604874571024442E-5	0.0021675194677578916	5.405979991217934E-5	7.151554381464442E-5	0.5803040949685094	0.40381382362952767	1.9789786967920104E-5	3.8032158495491153E-4	4.709306339253491E-5	1.1047951909584173E-4	3.733139905302485E-4	2.095530140636956E-4	0.011170889254543513	3.8679159210372807E-4	4.19374037175255E-5	6.665049119924104E-4	5.585119582170526E-5
57	file:/Users/mlafleur/Projects/SDG_LLM/LLMs/chatgpt-api/results/separates/SDG_5/d_5_138.txt	2.4528550119924913E-4	6.236451906363592E-5	7.462239189863479E-5	6.015145173147444E-5	2.46512809247987E-4	0.5214924916223436	0.4646753658477886	1.8895840891180028E-4	8.930030713872904E-5	0.0035581110740755847	2.8986738477732184E-4	8.15030718830746E-5	4.0010483589827397E-4	0.008256199106719198	9.649937785942296E-5	4.666306052845317E-5	7.385452038877922E-5	6.21447085463139E-5
58	file:/Users/mlafleur/Projects/SDG_LLM/LLMs/chatgpt-api/results/separates/SDG_5/d_5_71.txt	2.53670280683044E-4	6.449637250546141E-5	0.027355119193251717	6.220765422176695E-5	6.002299975115997E-4	0.5210186690990674	0.4479297667424407	2.277248948058814E-5	9.235292696147658E-5	5.419089616546202E-5	2.9977614044783264E-4	8.428915292598278E-5	6.849146681016995E-5	0.0014599726713740698	9.979808895208307E-5	4.825817915820139E-5	2.4902437261219287E-4	2.3691427543033432E-4
59	file:/Users/mlafleur/Projects/SDG_LLM/LLMs/chatgpt-api/results/separates/SDG_5/d_5_65.txt	2.3987940709959107E-4	6.099000464313592E-5	5.627556414340052E-4	2.220850225151487E-4	7.782035608540531E-5	0.6133419363063906	0.3442338839525382	2.1534455120545364E-5	8.733212776750652E-5	0.0015205785717981675	1.2021939647786326E-4	7.970674362944013E-5	6.476790424785102E-5	0.03893024185877388	9.437253092099453E-5	4.5634606359896576E-5	7.222676626163034E-5	2.2403434793635455E-4
60	file:/Users/mlafleur/Projects/SDG_LLM/LLMs/chatgpt-api/results/separates/SDG_5/d_5_104.txt	7.822932783285614E-5	2.2895915778375136E-4	0.0014080160245193774	6.006121289783403E-5	7.945479468169526E-5	0.5725501812795055	0.41897244940746503	2.198673709880393E-5	8.916633937356349E-5	2.1900926630795745E-4	1.227443299465621E-4	8.138080148172715E-5	6.612820594561404E-5	0.0055768020468497095	9.635461009315303E-5	2.1328125447897257E-4	7.374372429679617E-5	6.205147944120141E-5
61	file:/Users/mlafleur/Projects/SDG_LLM/LLMs/chatgpt-api/results/separates/SDG_5/d_5_110.txt	8.785016344165033E-5	2.571171194994889E-4	0.0012068014604596	6.744768893901202E-5	0.014689884341999781	0.5643448864809667	0.4109729546571687	2.4690720234813012E-5	1.0013223562648655E-4	0.007546272566226301	1.3783973026561602E-4	9.138921308971714E-5	7.426081574978562E-5	8.544945013234827E-5	1.0820453760162311E-4	5.232318590606112E-5	8.281290932361342E-5	6.968272336882132E-5
62	file:/Users/mlafleur/Projects/SDG_LLM/LLMs/chatgpt-api/results/separates/SDG_5/d_5_59.txt	8.077403875079975E-5	6.429656359828937E-5	7.653756827686017E-4	6.20149357335026E-5	2.5414974340511005E-4	0.5424673503863965	0.43191270440702173	2.2701940610009137E-5	9.206681881781705E-5	0.0029798993844905803	1.2673706317313478E-4	8.402802624740608E-5	6.827928115379384E-5	0.01969914942046763	6.158200400899353E-4	4.810867595879438E-5	2.4825289840646713E-4	4.082906929100609E-4
63	file:/Users/mlafleur/Projects/SDG_LLM/LLMs/chatgpt-api/results/separates/SDG_5/d_5_299.txt	8.814716496690101E-5	7.016561120323008E-5	2.717775676370091E-4	6.767571431431853E-5	6.529902845985394E-4	0.5495367609351443	0.41687005954282574	2.4774193973301248E-5	1.0047076005880113E-4	5.8954282285851756E-5	1.3830573520544998E-4	9.169817934106774E-5	7.451187476527277E-5	0.03070052272083439	1.085703526604428E-4	9.916038942632032E-4	8.309288103244121E-5	6.991830488982677E-5
64	file:/Users/mlafleur/Projects/SDG_LLM/LLMs/chatgpt-api/results/separates/SDG_5/d_5_528.txt	2.704813113864068E-4	6.877062369296882E-5	2.6637426100401045E-4	2.504168609364531E-4	2.718346889357306E-4	0.5977030335839807	0.37342157075772614	2.0836828100343136E-4	9.847326508904261E-5	0.022884524510270614	1.355560296174764E-4	8.987509517346915E-5	7.303047764093728E-5	0.003949853004715752	1.0641182680498775E-4	5.145630599171317E-5	8.144088186583885E-5	6.852823416447609E-5
65	file:/Users/mlafleur/Projects/SDG_LLM/LLMs/chatgpt-api/results/separates/SDG_5/d_5_272.txt	7.572991770281881E-5	6.028141646964879E-5	7.212985126066473E-5	3.8086736145321747E-4	7.691623115048647E-5	0.49051912109520535	0.47949041604533044	2.1284265596701392E-5	8.631749408673196E-5	0.027805007276841723	1.1882267511234748E-4	7.878070244919326E-5	6.401542404654414E-5	7.366041874892942E-5	9.327610110919271E-5	6.90554601463275E-4	7.138762823103551E-5	2.2143149374194237E-4
66	file:/Users/mlafleur/Projects/SDG_LLM/LLMs/chatgpt-api/results/separates/SDG_5/d_5_514.txt	7.060319745002951E-5	5.620051993554003E-5	6.724684622770184E-5	5.4206188277295016E-5	0.002629167392932815	0.5844329568262998	0.3530059524006258	1.9843375670892136E-5	3.8135145659946434E-4	0.0033568723649508823	1.1077868624417523E-4	3.7432488633151506E-4	5.968174482298812E-5	0.054226611990201165	9.895938526601946E-4	4.205096588344875E-5	6.655486978427675E-5	5.6002435102268203E-5
67	file:/Users/mlafleur/Projects/SDG_LLM/LLMs/chatgpt-api/results/separates/SDG_5/d_5_500.txt	2.4902700176171195E-4	2.328008683405704E-4	4.147307809269469E-4	6.106898126088371E-5	8.07879683641686E-5	0.6206301220557265	0.34668338781398295	2.235565302616883E-5	9.066246327007023E-5	3.921690898055977E-4	2.942889220385193E-4	8.274629167308272E-5	2.3672283489407445E-4	0.0012637637045910472	9.797134613628027E-5	0.029029320509864426	7.498107180834549E-5	6.30926425287275E-5
68	file:/Users/mlafleur/Projects/SDG_LLM/LLMs/chatgpt-api/results/separates/SDG_5/d_5_266.txt	2.79751027776895E-4	7.112747479799802E-5	8.510772437322205E-5	6.860344521742882E-5	9.075528766759735E-5	0.5848678153440311	0.39726211129886324	2.511381041594318E-5	1.0184806105827959E-4	5.9762455647617084E-5	1.4020169605237287E-4	9.295522162862377E-5	0.0010275108165978127	0.015128158139192526	1.1005868673042934E-4	4.340107738618626E-4	8.423195779495945E-5	7.087677829194137E-5
69	file:/Users/mlafleur/Projects/SDG_LLM/LLMs/chatgpt-api/results/separates/SDG_5/d_5_262.txt	6.159620421416616E-5	4.903090551022054E-5	5.866802953126624E-5	1.7853793941956939E-4	1.938080568690654E-4	0.5462310616824299	0.41769471209736303	4.1105274983824317E-4	7.020778781096603E-5	4.1196560460480926E-5	6.216342028557907E-4	6.40776113772978E-5	5.206802347126553E-5	0.033921624656687736	7.586768804859257E-5	3.668643879468891E-5	5.806432992756527E-5	1.8010503539037733E-4
70	file:/Users/mlafleur/Projects/SDG_LLM/LLMs/chatgpt-api/results/separates/SDG_5/d_5_504.txt	1.0094485415544512E-4	2.9544225203386235E-4	0.001386683788033986	9.378596951666251E-4	0.0011779742225388609	0.6523361124305471	0.31328016850856194	2.83710474227124E-5	5.45236881030002E-4	6.751358854727635E-5	1.5838572090682855E-4	1.0501142428550829E-4	0.003956942939191635	0.012358294198908283	1.2433319232704697E-4	0.012750409454370153	3.10246373845696E-4	8.006942812681186E-5
71	file:/Users/mlafleur/Projects/SDG_LLM/LLMs/chatgpt-api/results/separates/SDG_5/d_5_510.txt	7.718716647075295E-5	6.144139422407398E-5	7.35178249977201E-5	2.237286830761258E-4	5.717991023309459E-4	0.5598242435308751	0.4170092377784038	1.861614307016004E-4	8.797847650589509E-5	2.1609165213931237E-4	2.8557674344657145E-4	8.029665658018263E-5	6.524725422212528E-5	0.020469060018578258	5.88473780506326E-4	4.597234999447401E-5	7.276131958632857E-5	6.122483736045736E-5
72	file:/Users/mlafleur/Projects/SDG_LLM/LLMs/chatgpt-api/results/separates/SDG_5/d_5_276.txt	8.178754568075122E-5	2.3937323884815496E-4	0.03249210432413222	6.279306405416649E-5	7.801484256291125E-4	0.5815138586238907	0.3442719642108276	2.298679171424296E-5	2.6749193951558633E-4	5.4700863690177064E-5	3.0259720647792806E-4	4.336221990788605E-4	4.1767584764369E-4	0.021689022383608907	1.007372464120149E-4	0.01695289439672728	2.5136783529468857E-4	6.48738567740058E-5
73	file:/Users/mlafleur/Projects/SDG_LLM/LLMs/chatgpt-api/results/separates/SDG_5/d_5_289.txt	7.628383865073057E-5	0.0011985220819869288	0.0015355428217175041	5.8567547501555354E-5	0.001865449851662478	0.579929596427578	0.4113162299327183	2.143994780173423E-5	8.694885708825427E-5	5.38648354016022E-4	2.8223461509931016E-4	4.044425785684358E-4	6.448366018682341E-5	8.86913303571219E-4	7.441296431917464E-4	8.5814843283745E-4	7.190978781998532E-5	6.0508318003771256E-5
74	file:/Users/mlafleur/Projects/SDG_LLM/LLMs/chatgpt-api/results/separates/SDG_5/d_5_4.txt	2.597236881346186E-4	5.963307996571327E-4	2.5577998397552864E-4	2.4045724401489305E-4	2.6102323894922844E-4	0.550951634592606	0.4432402800152531	2.3315915999222927E-5	9.455677163235409E-5	0.002176665395295186	1.3016467489260298E-4	4.398307904298164E-4	7.012589853958488E-5	2.574566489666409E-4	4.5570982069263033E-4	4.940977807837873E-5	4.317320239178393E-4	6.580271896539234E-5
75	file:/Users/mlafleur/Projects/SDG_LLM/LLMs/chatgpt-api/results/separates/SDG_5/d_5_61.txt	7.266940052358101E-5	5.784522854959666E-5	2.2405613298345415E-4	5.57925327612446E-5	3.8349038544538834E-4	0.5769166235835421	0.4045244618467579	1.7526539952497755E-4	5.473530170029672E-4	0.010113287473445852	1.1402062528190385E-4	5.401208141063478E-4	6.142833150803807E-5	0.005180446679142223	8.950647982190613E-5	8.174881243204295E-4	6.85025985200103E-5	5.7641346762275834E-5
76	file:/Users/mlafleur/Projects/SDG_LLM/LLMs/chatgpt-api/results/separates/SDG_5/d_5_128.txt	4.653619747104321E-4	7.04036299462585E-5	0.0010265310893865717	4.448210799403007E-4	0.002728242248446837	0.6948173820112147	0.261675671643981	9.671477170783115E-4	0.003681511616757773	4.36070062702595E-4	0.002965643350869236	0.001222756621417399	0.009120743674273148	0.010074297700810027	2.9739654619382857E-4	0.0032564624140750766	0.006490943236878659	2.586133813180086E-4
77	file:/Users/mlafleur/Projects/SDG_LLM/LLMs/chatgpt-api/results/separates/SDG_5/d_5_75.txt	3.1420971880301833E-4	2.9373640151835015E-4	0.0013786772309542657	7.185968892503995E-4	1.0193418642474061E-4	0.5655966856164784	0.3933749963841712	2.820723616843687E-5	5.420887442683222E-4	2.8097148158289946E-4	5.851666373589546E-4	1.0440510006810566E-4	8.48372322878431E-5	0.032816318849201054	1.2361530638227677E-4	5.977518873087952E-5	0.0035161706801456914	7.96071162052549E-5
78	file:/Users/mlafleur/Projects/SDG_LLM/LLMs/chatgpt-api/results/separates/SDG_5/d_5_114.txt	8.04004195993901E-5	6.399916077057807E-5	0.001275778290710541	6.17280865425768E-5	0.004707145475850447	0.5738784030603002	0.4175802702103406	2.2596933111099346E-5	9.164096507505916E-5	5.377313081757318E-5	2.9746512342348645E-4	8.36393558237562E-5	2.3927773703186371E-4	2.495175688530041E-4	4.416572926667623E-4	2.192004306803159E-4	2.4710460820491156E-4	4.0640215019791367E-4
79	file:/Users/mlafleur/Projects/SDG_LLM/LLMs/chatgpt-api/results/separates/SDG_5/d_5_49.txt	7.318078747208617E-4	2.2491025028602006E-4	7.281547553814461E-4	5.899909204807725E-5	0.00400782143137963	0.603032860534766	0.3873297598154077	2.1597924239987972E-5	2.5133001230812893E-4	2.1513631241954195E-4	7.755356747520463E-4	7.994166560928497E-5	6.49587965563744E-5	7.297078782977873E-4	2.58391165844488E-4	3.7325008264202977E-4	7.243964228886908E-5	0.0010433970910518797
80	file:/Users/mlafleur/Projects/SDG_LLM/LLMs/chatgpt-api/results/separates/SDG_5/d_5_100.txt	8.540420808257064E-5	6.798220296355026E-5	0.008270271922104312	6.556978649973549E-5	8.674206983667089E-5	0.587393120659819	0.3864282158377561	2.4003272458828045E-5	4.6129665975911755E-4	0.007336166573234073	1.340019476852658E-4	8.884472225712648E-5	7.219321982125372E-5	0.008817926527355508	1.0519186854951351E-4	5.0866385235951304E-5	2.6248337362476214E-4	2.49718762956841E-4
81	file:/Users/mlafleur/Projects/SDG_LLM/LLMs/chatgpt-api/results/separates/SDG_5/d_5_458.txt	8.799841360414782E-5	7.004720432889884E-5	2.713189336745109E-4	6.756150922634626E-5	0.001776911195852979	0.5722348787614393	0.39310360850387394	2.4732386671659453E-5	2.8780502133111637E-4	0.0030589157409016553	1.3807233953587719E-4	9.154343551982185E-5	7.438613342218145E-5	0.028211165017648584	2.958909455925715E-4	5.2411483076027256E-5	8.295265894709898E-5	6.980031535337758E-5
82	file:/Users/mlafleur/Projects/SDG_LLM/LLMs/chatgpt-api/results/separates/SDG_5/d_5_316.txt	2.6055270744083686E-4	6.624624859940871E-5	7.926708325538803E-5	2.4122476621912516E-4	2.618564063280483E-4	0.552532903196545	0.4113171566479134	2.007196707305137E-4	2.721879220437831E-4	0.0082128104426937	1.3058015115989538E-4	8.657603462110068E-5	7.0349735356984E-5	0.025084384912988474	1.025057496048444E-4	9.362141505649408E-4	7.845141742972216E-5	6.60127565049628E-5
83	file:/Users/mlafleur/Projects/SDG_LLM/LLMs/chatgpt-api/results/separates/SDG_5/d_5_470.txt	8.47105197625734E-5	2.479281082627003E-4	8.026758709068609E-4	6.503720155971002E-5	8.603751484987319E-5	0.5102423386204438	0.43707791525251466	2.3808307946888516E-5	6.380479022788719E-4	5.665579711541745E-5	1.3291352841350958E-4	8.812308865725069E-5	7.160683661488316E-5	0.04917787469308397	8.263297961986797E-4	5.045322740554856E-5	7.985329015936967E-5	2.4769044382554203E-4
