#doc name topic proportion ...
0	file:/Users/mlafleur/Projects/SDG_LLM/LLMs/chatgpt-api/results/separates/SDG_7/d_7_188.txt	6.787914062792176E-4	2.0861642837130052E-4	6.789028586116494E-5	5.4724850666286076E-5	0.0011355424828641684	0.5786341386214716	3.8121227649856457E-4	2.0033243524696258E-5	0.009953324659996984	1.9955057207424578E-4	7.193513071794174E-4	3.7790654824085886E-4	2.121309627474643E-4	3.7308721868415507E-4	0.40605812502127797	4.245332316252765E-5	2.1906985199739862E-4	6.640509391021543E-4
1	file:/Users/mlafleur/Projects/SDG_LLM/LLMs/chatgpt-api/results/separates/SDG_7/d_7_163.txt	0.0010592888508140863	8.798722024724682E-4	7.31928031949983E-5	8.777015322811374E-4	0.0023704165509135103	0.6112198849370967	2.472460732168959E-4	2.1597924239987976E-5	8.758952426151693E-5	0.0010338387526526015	1.2057372256559846E-4	7.994166560928497E-5	7.199207487428224E-4	5.659673902511752E-4	0.37915388050570464	4.5769106548805906E-5	0.0013823635466617653	6.0954162772208025E-5
2	file:/Users/mlafleur/Projects/SDG_LLM/LLMs/chatgpt-api/results/separates/SDG_7/d_7_177.txt	8.457313216707422E-5	6.732066212342243E-5	0.0013419900857950878	6.49317210979524E-5	8.589797506991338E-5	0.6198806791753064	0.0033355986537414103	2.376969448788844E-5	9.63970522769511E-5	5.656391001853039E-5	0.004637831573060949	4.4839085520944797E-4	0.0013329281120592524	8.226197148109879E-5	0.3664616334186954	5.0371399934558536E-5	0.0011609558467006926	7.879047607740258E-4
3	file:/Users/mlafleur/Projects/SDG_LLM/LLMs/chatgpt-api/results/separates/SDG_7/d_7_76.txt	7.741635113470515E-5	2.265797629293795E-4	7.373611462781013E-5	5.943704331973218E-5	7.862908265754746E-5	0.5741880846236577	8.412544856048331E-5	2.1758246001860203E-5	8.823970280159892E-5	5.1777336458294544E-5	1.2146874337511772E-4	8.05350739634893E-5	2.303969233130336E-4	2.4025670289845935E-4	0.42419706600332696	4.610885141130693E-5	7.297736299536379E-5	6.140662656736264E-5
4	file:/Users/mlafleur/Projects/SDG_LLM/LLMs/chatgpt-api/results/separates/SDG_7/d_7_62.txt	0.0034905405886114078	5.752810487010663E-4	7.622574466901686E-5	2.3196939615426637E-4	7.633859886753256E-4	0.6053412619244981	4.2801689939114406E-4	1.9301840994777976E-4	0.007423816280389227	5.352554916181039E-5	0.001489774159491402	0.0014474584035190905	0.0029665843353040497	2.483687428148085E-4	0.3745726089657889	4.7665673088426214E-5	5.870179266672232E-4	6.347996312710604E-5
5	file:/Users/mlafleur/Projects/SDG_LLM/LLMs/chatgpt-api/results/separates/SDG_7/d_7_361.txt	7.776269140952523E-5	2.2759342084804175E-4	7.406599049808883E-5	5.970294892773521E-5	7.41756471243537E-4	0.6519818834111978	8.450180356232399E-5	2.1855586638423853E-5	4.20022275324086E-4	2.1770288028193115E-4	7.847877852701129E-4	8.089536657920092E-5	6.573375247964943E-5	7.563764211057894E-5	0.3447391037497154	4.631513021462645E-5	2.3899775012935307E-4	6.168134356977095E-5
6	file:/Users/mlafleur/Projects/SDG_LLM/LLMs/chatgpt-api/results/separates/SDG_7/d_7_407.txt	0.006652184831514335	5.127174923434187E-5	1.9859459721719973E-4	4.945231993388472E-5	0.0011633825752835197	0.6077025293261771	0.02546037045582272	1.810311688446563E-5	0.005014246608608476	1.8032463520790883E-4	7.872898327170884E-4	6.700612986614301E-5	1.9169295320038771E-4	6.265112433934362E-5	0.3521134822933584	1.7560838890043118E-4	6.071802534598606E-5	5.109103638844136E-5
7	file:/Users/mlafleur/Projects/SDG_LLM/LLMs/chatgpt-api/results/separates/SDG_7/d_7_89.txt	0.0015324438514557417	6.045701543209424E-5	7.233996455568153E-5	5.8311637774066806E-5	7.714028710630562E-5	0.6212522382522514	8.916955456078131E-4	2.1346266378601996E-5	7.338993062460749E-4	2.1262955558085803E-4	0.0010901643596555963	7.90101895850466E-5	2.2603449273576014E-4	0.003310526842816321	0.3697191893400624	4.5235807360252685E-5	2.3342817205274742E-4	3.8390911334335644E-4
8	file:/Users/mlafleur/Projects/SDG_LLM/LLMs/chatgpt-api/results/separates/SDG_7/d_7_413.txt	6.562726513368507E-5	4.717481978940059E-4	6.250746093918858E-5	5.038587512241635E-5	6.665531995697512E-5	0.5983390763986502	7.131469045295828E-5	1.8444865435770853E-5	2.1463860163057282E-4	1.83728782860506E-4	1.0297128849516093E-4	6.827106385273037E-5	5.547552848313021E-5	6.38338450341974E-5	0.38407098894732433	3.90873216346023E-5	0.016003189020022564	5.205552707708156E-5
9	file:/Users/mlafleur/Projects/SDG_LLM/LLMs/chatgpt-api/results/separates/SDG_7/d_7_375.txt	2.340335590515225E-4	3.78065059037717E-4	7.119925097728711E-5	5.73921339092827E-5	0.0023058535205923015	0.6659298388461903	8.123114373286572E-5	2.100966162553562E-5	8.52038485841609E-5	4.9995956418880215E-5	4.358510338287226E-4	3.963256721172904E-4	0.001974557778816791	2.3199076022634938E-4	0.32677676527941535	3.63083870971881E-4	5.483086701274912E-4	5.9293954376451866E-5
10	file:/Users/mlafleur/Projects/SDG_LLM/LLMs/chatgpt-api/results/separates/SDG_7/d_7_349.txt	0.0011830740968977209	6.831787303644272E-5	8.174588968135276E-5	2.4876824424365765E-4	8.186691659820348E-4	0.6542995875883343	9.326379172718039E-5	0.012459601341053339	9.782496741446603E-5	5.7401782769249384E-5	3.175382972233927E-4	8.928340345744224E-5	0.0017184219756156119	0.009592964867260717	0.3170275650820328	5.111754395831695E-5	0.0017267770100353552	6.807707927678656E-5
11	file:/Users/mlafleur/Projects/SDG_LLM/LLMs/chatgpt-api/results/separates/SDG_7/d_7_215.txt	0.001953148489743269	0.0024949657024774235	8.339293921879103E-5	6.722119501313735E-5	0.0015814013796031053	0.7061004646274898	2.817022419667394E-4	2.4607807117304825E-5	0.0010325926513324154	5.8558337308281964E-5	8.836141883280278E-4	9.108232189772978E-5	2.605707761932137E-4	0.0021373151715049304	0.28050651914797886	5.214748108983162E-5	0.0023212468176919384	6.944872404534986E-5
12	file:/Users/mlafleur/Projects/SDG_LLM/LLMs/chatgpt-api/results/separates/SDG_7/d_7_201.txt	8.064911380798222E-5	6.419712268069875E-5	5.923477652409078E-4	6.191902357632743E-5	2.537566759956677E-4	0.5918068748905128	8.763837064984673E-5	5.381993976045085E-4	9.19244284872841E-5	5.3939461618815655E-5	9.857619981951545E-4	8.389806869499976E-5	6.817368057437902E-5	7.84451861962728E-5	0.40393317979470383	4.803427119104814E-5	9.35245708062233E-4	2.3581504220756205E-4
13	file:/Users/mlafleur/Projects/SDG_LLM/LLMs/chatgpt-api/results/separates/SDG_7/d_7_229.txt	0.007472452285922768	5.64297287677495E-5	9.738347154516734E-4	0.004283890771746948	0.005963040118192132	0.621256431905913	5.301915574091473E-4	1.7097657327234635E-4	0.0035550043959230926	5.00569975989551E-4	5.643872917485508E-4	7.374700084526157E-5	0.005346754536949527	0.0032410515094889072	0.34569490575323286	4.222246701536853E-5	6.682630791329415E-5	2.0728310421814198E-4
14	file:/Users/mlafleur/Projects/SDG_LLM/LLMs/chatgpt-api/results/separates/SDG_7/d_7_228.txt	2.4418487615255973E-4	6.208468209255291E-5	7.428755240275772E-5	3.922606740197957E-4	0.002405871015394927	0.6590841064447296	0.0050704415177542424	2.192096570607286E-5	8.889960610163797E-5	5.216455484311714E-5	0.019067987502048054	5.797060514094431E-4	6.593038922618428E-5	0.001239190856849127	0.30721438153704006	4.645367785837403E-5	0.004228262238480781	6.186585789101274E-5
15	file:/Users/mlafleur/Projects/SDG_LLM/LLMs/chatgpt-api/results/separates/SDG_7/d_7_200.txt	8.296136413371908E-4	6.93450712190305E-5	6.398479597188267E-4	6.688429201211232E-5	8.848102515499786E-5	0.6075219360129374	9.466606602386852E-5	2.448447631271492E-5	4.705444708999518E-4	5.8264851309255305E-5	0.005334169432313356	9.062583034649097E-5	2.5926483278560604E-4	8.4735682791063E-5	0.3841640284072093	5.188612538391734E-5	8.212116525714532E-5	6.910065698787393E-5
16	file:/Users/mlafleur/Projects/SDG_LLM/LLMs/chatgpt-api/results/separates/SDG_7/d_7_214.txt	0.010579857143858977	9.435033640722653E-4	5.102724073774216E-4	5.333956009760923E-5	2.1859630025908882E-4	0.6174268602252275	2.2352880906207598E-4	1.952612723334263E-5	7.918743375679528E-5	4.646564155041788E-5	5.531082766851844E-4	7.227320165528548E-5	2.0676113499205594E-4	0.0019920121407217663	0.3586228523264326	3.374457898148449E-4	0.007911269468509669	2.0314064869329392E-4
17	file:/Users/mlafleur/Projects/SDG_LLM/LLMs/chatgpt-api/results/separates/SDG_7/d_7_348.txt	8.526456301454689E-5	6.787104474816032E-5	8.12112363858534E-5	6.546257284479234E-5	8.660023722075163E-5	0.6231317509619416	0.029524590251463388	3.873212645886406E-4	9.718515003142528E-5	5.702635040873869E-5	0.0012238545602725177	2.7037807160957666E-4	7.207517614027906E-5	8.293450734678702E-5	0.34438600482780496	2.324618332551512E-4	8.037556503956969E-5	6.763182588331095E-5
18	file:/Users/mlafleur/Projects/SDG_LLM/LLMs/chatgpt-api/results/separates/SDG_7/d_7_412.txt	2.3538327139660005E-4	5.404447144039185E-4	7.160986947317197E-5	5.7723124353395226E-5	2.3656103274861983E-4	0.606171254916298	2.4189890614855064E-4	2.113082800772803E-5	5.662930987713688E-4	5.0284291817683694E-5	1.1796608625323133E-4	7.821277488850235E-5	3.8395251539483907E-4	7.312940314943626E-5	0.39017787055313474	4.4779262479287904E-5	8.718694383303362E-4	5.9635912950831965E-5
19	file:/Users/mlafleur/Projects/SDG_LLM/LLMs/chatgpt-api/results/separates/SDG_7/d_7_374.txt	5.455563131185792E-4	5.874575929634915E-5	5.420479576576864E-4	5.666110727379265E-5	3.8946053876376337E-4	0.6252109906419876	8.019647006497409E-5	2.0742053136275117E-5	8.411857298071783E-5	4.935913786345289E-5	4.302994243461706E-4	7.677377962091831E-5	6.238464376804173E-5	0.0021160582012597503	0.3693182829267214	4.3955392633403283E-5	8.558283760167044E-4	5.8538703490655704E-5
20	file:/Users/mlafleur/Projects/SDG_LLM/LLMs/chatgpt-api/results/separates/SDG_7/d_7_360.txt	3.142097188030184E-4	5.075841104622757E-4	9.559097729071336E-5	0.0011462923071382505	7.434773132565168E-4	0.6547711802460953	7.506027631240751E-4	2.820723616843687E-5	0.0033221089605393523	6.712377263897408E-5	1.5747121947110393E-4	0.002029034480563434	8.48372322878431E-5	9.761938078046796E-5	0.3345814320946816	5.977518873087952E-5	5.223027549307348E-4	7.211502430370311E-4
21	file:/Users/mlafleur/Projects/SDG_LLM/LLMs/chatgpt-api/results/separates/SDG_7/d_7_88.txt	4.025472400259588E-4	6.0900521449587993E-5	7.287064258132383E-5	5.8739405536962126E-5	2.407259584874919E-4	0.6215711621139393	0.0038325929429901913	1.8452263895871374E-4	8.720399599021452E-5	5.116960390319095E-5	2.8306279194030673E-4	0.0010577084719509335	0.0010427915505059567	0.0039868916185857904	0.35107581764763285	4.556765226902088E-5	7.212079673854952E-5	0.015873604406513874
22	file:/Users/mlafleur/Projects/SDG_LLM/LLMs/chatgpt-api/results/separates/SDG_7/d_7_406.txt	0.0013140428739531966	6.57218004655412E-5	7.863955377606926E-5	6.338959664508501E-5	8.38579033520041E-5	0.650371398438589	8.971977665762383E-5	0.0035417147330089405	9.410762810973446E-5	4.07071477306108E-4	1.2954639425978684E-4	8.589064275734028E-5	6.979280136893064E-5	8.030825462873458E-5	0.3431563770623922	2.2510056059602747E-4	7.783034528842893E-5	6.549015684547375E-5
23	file:/Users/mlafleur/Projects/SDG_LLM/LLMs/chatgpt-api/results/separates/SDG_7/d_7_63.txt	0.0011639175012277527	0.006903926629344736	8.042224227802124E-5	6.482658222875645E-5	0.011060485556478922	0.6733907610048689	0.024739910261853525	2.3731206076410487E-5	0.0026150306914319815	5.647232049285497E-5	3.1239664735920465E-4	8.783770697523732E-5	2.5128849384482073E-4	0.00296074560238085	0.2760913882656906	5.028983745724568E-5	7.959468975614711E-5	6.697476025423554E-5
24	file:/Users/mlafleur/Projects/SDG_LLM/LLMs/chatgpt-api/results/separates/SDG_7/d_7_77.txt	9.546344140026189E-4	6.520559085122114E-5	7.80218821140409E-5	6.289170524521046E-5	8.319924434326735E-5	0.5686384041883714	8.901507576724579E-5	2.3022901506735593E-5	9.336846299150899E-5	7.529615039640658E-4	3.030725543416319E-4	7.83390728731635E-4	6.924461621846657E-5	7.967747621343002E-5	0.417434829032698	4.8788838242773283E-5	0.009328033951131968	0.0011122378332648153
25	file:/Users/mlafleur/Projects/SDG_LLM/LLMs/chatgpt-api/results/separates/SDG_7/d_7_176.txt	2.2910709373408027E-4	5.825111408923754E-5	3.8155606913325236E-4	5.618401504656936E-5	2.3025345166713377E-4	0.6007675329729175	7.952120771378384E-5	2.056740296080023E-5	8.341028612814553E-5	4.894352895374158E-5	2.7074846972175576E-4	7.612733666782346E-5	6.185935878735812E-5	5.389628766460978E-4	0.3847639928341453	4.35852838025149E-5	0.01223135089617084	5.804580171427198E-5
26	file:/Users/mlafleur/Projects/SDG_LLM/LLMs/chatgpt-api/results/separates/SDG_7/d_7_1.txt	7.887641857544012E-4	9.483523002753277E-4	2.5537371351132786E-4	7.695283436664471E-4	0.025674354181226454	0.5691368347078605	4.4297347917260745E-4	2.3278881951956832E-5	2.708909255581336E-4	5.539594060552223E-5	1.2995792664721945E-4	8.616349312476282E-5	7.001451343075283E-5	0.0014924381235951838	0.3994860878509971	4.9331297607921426E-5	7.807759036224411E-5	2.4218254465228106E-4
27	file:/Users/mlafleur/Projects/SDG_LLM/LLMs/chatgpt-api/results/separates/SDG_7/d_7_162.txt	0.004817774818247166	6.321937330512663E-5	7.564526947682372E-5	6.0975970615232764E-5	0.0256339312718671	0.6049621332246282	0.041039220528119084	2.2321604419511554E-5	0.04679715690879142	5.311794076687955E-5	2.9384070754268885E-4	8.26202655653136E-5	2.3636229598775535E-4	0.018692212672314558	0.25664584717834105	2.165296183414039E-4	2.440938019097443E-4	6.299654976123311E-5
28	file:/Users/mlafleur/Projects/SDG_LLM/LLMs/chatgpt-api/results/separates/SDG_7/d_7_189.txt	8.015325445100132E-5	0.0031379797601031423	7.634291039766629E-5	6.153832345743281E-5	4.229841201750714E-4	0.6510180842406439	8.709953886279507E-5	0.002071979028866382	9.452973956360579E-4	5.360782267709234E-5	0.0023460022256154957	0.001962046166118181	5.801174152895819E-4	2.487505075958807E-4	0.33518405480655655	2.18526569682501E-4	0.0012710707461842943	2.3436516768725584E-4
29	file:/Users/mlafleur/Projects/SDG_LLM/LLMs/chatgpt-api/results/separates/SDG_7/d_7_174.txt	0.020451196962126283	7.313254630458893E-5	8.750689675514868E-5	2.663000812621301E-4	0.008119585040646103	0.6892526000304865	0.005581192580250848	6.131099140093917E-4	0.004019973470822642	6.144714918303714E-5	0.0013187302572300282	4.8710104664508486E-4	7.76625905207277E-5	4.8088919220084305E-4	0.2606733368918445	2.504827478000887E-4	0.008112877819205645	7.287478270634991E-5
30	file:/Users/mlafleur/Projects/SDG_LLM/LLMs/chatgpt-api/results/separates/SDG_7/d_7_160.txt	0.03572420319654934	5.4147748638732856E-5	6.479059856495137E-5	4.8705771089515356E-4	0.00311291010652977	0.5669995341817378	2.1886333597414612E-4	1.911857967157239E-5	7.753464080073404E-5	4.549581488209493E-5	1.0673240148238169E-4	0.001230315253318737	4.923332681290264E-4	3.5605306280359387E-4	0.3894028761206589	3.304026518067183E-4	0.0012236744285359642	5.395689902073199E-5
31	file:/Users/mlafleur/Projects/SDG_LLM/LLMs/chatgpt-api/results/separates/SDG_7/d_7_3.txt	2.460247799489807E-4	6.255248273639912E-5	2.4228908315947152E-4	2.2777452827190612E-4	5.821393529385535E-4	0.6479758150871261	5.877185477590755E-4	2.2086137557250975E-5	8.956945398633882E-5	5.2557608516246735E-5	1.2329924824178872E-4	4.166322841303383E-4	2.3386894975927842E-4	2.4387731386129615E-4	0.3470361644876881	2.1424548370398678E-4	0.0015810531608943617	6.233200972070834E-5
32	file:/Users/mlafleur/Projects/SDG_LLM/LLMs/chatgpt-api/results/separates/SDG_7/d_7_148.txt	2.6564013246317507E-4	6.753974052306181E-5	8.081481364269478E-5	6.514302528147172E-5	4.477610647499306E-4	0.6054458753188557	9.220152814316346E-5	2.384704706381493E-5	2.775025305887671E-4	5.674798323607371E-5	6.755051295053556E-4	2.6905825403743494E-4	2.5251512797191196E-4	6.249050067003942E-4	0.38211753416461103	5.053532116375005E-5	0.009119572122086366	6.7301689375918E-5
33	file:/Users/mlafleur/Projects/SDG_LLM/LLMs/chatgpt-api/results/separates/SDG_7/d_7_49.txt	0.0031962205230853403	5.8332975677151495E-5	6.979844047465902E-5	5.626297169416322E-5	7.443011302062773E-5	0.5555484638761763	7.963296063796505E-5	3.328901446902383E-4	2.3967442341083934E-4	4.901231038497959E-5	0.003550214256526079	2.3238123905944545E-4	6.194629112190393E-5	3.8357337422964327E-4	0.43511557738723244	4.3646535172510815E-5	5.375209647337695E-4	3.704212126721429E-4
34	file:/Users/mlafleur/Projects/SDG_LLM/LLMs/chatgpt-api/results/separates/SDG_7/d_7_389.txt	6.282459237639345E-4	2.487362437441674E-4	8.09465238364087E-5	6.524919394155017E-5	0.1655993135600286	0.5374386883609389	0.0017221296521804164	2.3885912453051205E-5	6.40127654963311E-4	5.684046984252614E-5	4.955196243594579E-4	8.841033077424753E-5	7.184024308819353E-5	8.070098914900349E-4	0.29183491377949794	5.0617682511130023E-5	8.011357640743518E-5	6.74113761789362E-5
35	file:/Users/mlafleur/Projects/SDG_LLM/LLMs/chatgpt-api/results/separates/SDG_7/d_7_61.txt	0.00517568270992763	6.1441394224074E-5	0.0015537262085819755	2.2372868307612582E-4	4.073315041549175E-4	0.6700175343088143	5.772791967001041E-4	1.8616143070160042E-4	8.79784765058951E-5	3.805592503153407E-4	6.145119397986281E-4	7.38167049284296E-4	3.9418245057418194E-4	0.0033644298082713122	0.30995202594961563	4.5972349994474015E-5	0.005664659657571293	5.546276318885424E-4
36	file:/Users/mlafleur/Projects/SDG_LLM/LLMs/chatgpt-api/results/separates/SDG_7/d_7_75.txt	0.003052006796899207	0.0022930062274940295	8.283659736517166E-5	2.520874745626909E-4	0.002126795531508175	0.5640716169502309	6.504523819334864E-4	2.4443640304701767E-5	0.0010257038845488285	5.816767529027244E-5	1.3646036868374684E-4	2.7578941598524335E-4	7.351768808923279E-5	8.459435785614254E-5	0.42521912234296977	5.17995880120378E-5	4.526136696075024E-4	6.898540865883349E-5
37	file:/Users/mlafleur/Projects/SDG_LLM/LLMs/chatgpt-api/results/separates/SDG_7/d_7_376.txt	2.157830503531624E-4	2.017230305951377E-4	3.5936614242899814E-4	5.291655509326247E-5	7.000314874342822E-5	0.6471892707684904	9.560540896560129E-4	3.1309045987225293E-4	7.855944431145294E-5	3.398163325816745E-4	8.424410798732481E-4	7.170004496024707E-5	5.8261841283359854E-5	6.703996247678735E-5	0.34828898405819037	4.1050520680652025E-5	6.524098119614115E-4	2.0152965844841256E-4
38	file:/Users/mlafleur/Projects/SDG_LLM/LLMs/chatgpt-api/results/separates/SDG_7/d_7_410.txt	0.0020701894534865765	4.2842619314670065E-4	2.6118161625486005E-4	6.065314562117108E-4	8.603751484987319E-5	0.6235951359275961	9.205174834988449E-5	2.3808307946888516E-5	9.655364762687117E-5	5.665579711541745E-5	4.939096981815101E-4	8.101154281932518E-4	7.160683661488316E-5	6.238898592878996E-4	0.36579345743164726	5.045322740554856E-5	0.003689814987839376	0.0011501808682455432
39	file:/Users/mlafleur/Projects/SDG_LLM/LLMs/chatgpt-api/results/separates/SDG_7/d_7_404.txt	0.032649618209593285	6.541109853792072E-5	6.035491377643844E-4	6.308992028611127E-5	8.34614624140943E-5	0.6108772394329665	8.929562352493815E-5	5.483768175227336E-4	2.6875651627157485E-4	5.495946378437191E-5	1.289339595101652E-4	8.548459197844751E-5	6.946285365347313E-5	6.052099497800449E-4	0.3534404716221177	4.8942605445142636E-5	2.525561848288557E-4	6.518055002052493E-5
40	file:/Users/mlafleur/Projects/SDG_LLM/LLMs/chatgpt-api/results/separates/SDG_7/d_7_362.txt	6.465088753869076E-5	5.146244965095455E-5	6.157749860940562E-5	4.9636253155486974E-5	7.544424093927776E-4	0.6304884284525295	7.025369749811878E-5	1.8170449713624173E-5	6.247125470323735E-4	3.1875108802274896E-4	1.0143932066426672E-4	2.0501110522992466E-4	5.4650184581154994E-5	3.383956540806403E-4	0.35328537929848297	3.8505795267251464E-5	0.013423251843889364	5.128106466073451E-5
41	file:/Users/mlafleur/Projects/SDG_LLM/LLMs/chatgpt-api/results/separates/SDG_7/d_7_438.txt	6.570996280664679E-5	8.923798272815727E-4	6.258622731093799E-5	5.044936694421139E-5	6.673931309366506E-5	0.6696592956030074	0.04809565478772031	0.022840487897956428	6.349462442534344E-4	4.39479102674545E-5	1.0310104380224364E-4	7.684190497533373E-4	5.5545433835768794E-5	4.839514568456779E-4	0.2536433753142379	1.7914896736824715E-4	0.0023021404706679645	5.212112284654264E-5
42	file:/Users/mlafleur/Projects/SDG_LLM/LLMs/chatgpt-api/results/separates/SDG_7/d_7_202.txt	6.815642426502795E-4	7.339115684475482E-5	8.781633772201775E-5	7.078679824275973E-5	4.865535798263213E-4	0.5828538741252787	8.860094411809201E-4	2.5913075143471853E-5	1.0508944742788407E-4	6.166443794494753E-5	0.029416454327734754	9.591358711187213E-5	7.793722015554991E-5	8.967976637335466E-5	0.37219927562766153	5.4913531692684435E-5	0.012660030815262693	7.313248174559393E-5
43	file:/Users/mlafleur/Projects/SDG_LLM/LLMs/chatgpt-api/results/separates/SDG_7/d_7_216.txt	7.893987852053115E-5	3.9924098844871457E-4	7.518721621440395E-5	6.060674405998761E-5	4.1658090231564847E-4	0.6310707100304563	0.00866409387499847	2.2186440862060902E-5	2.581784431214602E-4	5.279629678002399E-5	2.920614198799897E-4	8.211997675087856E-5	2.3493105618202777E-4	2.4498487286680576E-4	0.3507988440312992	8.880273232045035E-4	0.0062978954160049895	6.261508803416288E-5
44	file:/Users/mlafleur/Projects/SDG_LLM/LLMs/chatgpt-api/results/separates/SDG_7/d_7_217.txt	9.714203874233286E-4	5.9919053112925E-4	2.5700658852208756E-4	2.4161036766506068E-4	8.46621921311159E-5	0.6589181360247146	4.458058784615739E-4	2.3427728534853424E-5	9.501022293135514E-5	5.5750145609116974E-5	3.0840168114358194E-4	6.195528146221112E-4	7.046219047550278E-5	8.107849840405074E-5	0.33046246948281166	4.0487231618115675E-4	0.0062950246703428825	6.611827889703503E-5
45	file:/Users/mlafleur/Projects/SDG_LLM/LLMs/chatgpt-api/results/separates/SDG_7/d_7_203.txt	1.0233151220856414E-4	2.995006795925719E-4	9.746685297939903E-5	7.856586412256635E-5	1.0393454114000412E-4	0.6305528756295524	0.0014194653368752995	2.8760774484218134E-5	5.527266844307133E-4	5.045295137823501E-4	5.966499373519367E-4	3.244981966438154E-4	8.650207667017588E-5	9.95350618242313E-5	0.34332769487098513	6.094821600296024E-5	0.02102871216839239	7.353020829610943E-4
46	file:/Users/mlafleur/Projects/SDG_LLM/LLMs/chatgpt-api/results/separates/SDG_7/d_7_439.txt	0.001750363071247176	2.296481913594802E-4	7.434940043439535E-4	6.02419621313925E-5	9.156430666631033E-4	0.6222567052614164	2.524545389229111E-4	0.001861141054980651	4.2381434181822006E-4	5.247852463666261E-5	1.231137188165343E-4	8.162571024704326E-5	2.335170451657596E-4	2.435103495973734E-4	0.3650720475638268	4.673327483165379E-5	0.005591230101778477	6.223821821667777E-5
47	file:/Users/mlafleur/Projects/SDG_LLM/LLMs/chatgpt-api/results/separates/SDG_7/d_7_405.txt	0.002059945791674792	3.9211783891366975E-4	7.384574627590901E-5	5.9525414954855053E-5	7.87459892231261E-5	0.6440958930501844	8.425052718198779E-5	0.0010129977649343661	7.491756775661406E-4	0.11139745958537114	9.476553181908879E-4	8.065481437743638E-5	6.553828517963117E-5	7.54127243913649E-5	0.23831561788239686	4.617740654738487E-5	7.308586652337685E-5	3.919003161128326E-4
48	file:/Users/mlafleur/Projects/SDG_LLM/LLMs/chatgpt-api/results/separates/SDG_7/d_7_363.txt	0.0019320890571301928	6.293182977654667E-5	4.1221566262435774E-4	6.069863085634796E-5	8.029803294773393E-5	0.6219200522087481	2.5436828954324603E-4	2.2220078058796552E-5	7.6394155225343E-4	5.2876342039772726E-5	0.0014717048073835766	8.224448008293937E-5	6.683001172009519E-5	7.689907114758579E-5	0.3720509343530445	4.708753993649577E-5	5.798980329954353E-4	6.271001971103345E-5
49	file:/Users/mlafleur/Projects/SDG_LLM/LLMs/chatgpt-api/results/separates/SDG_7/d_7_377.txt	4.725758879954152E-4	6.456329648437689E-4	4.683061346803694E-4	4.5171657392650046E-4	9.12242421667949E-5	0.6076020385224231	9.76010406390661E-5	9.821401748722977E-4	1.0237433459776483E-4	6.007126269544104E-5	1.4092615209067774E-4	2.84814862784148E-4	7.592361791890884E-5	8.736278126931286E-5	0.38191236892325325	5.349477426179888E-5	0.006208805414785001	2.6262233479626656E-4
50	file:/Users/mlafleur/Projects/SDG_LLM/LLMs/chatgpt-api/results/separates/SDG_7/d_7_411.txt	5.888954072964622E-4	6.341253325437011E-5	7.587639540624617E-5	6.116227609049054E-5	8.091138780865906E-5	0.6565455168270041	5.957992444686119E-4	5.316217576888196E-4	9.080096793950926E-5	2.230242208909192E-4	4.644824900132596E-4	8.287270283997707E-5	6.734049137992551E-5	2.4723044711728013E-4	0.33839788114460806	4.744721713466393E-5	0.0017725354601615742	6.31890288972673E-5
51	file:/Users/mlafleur/Projects/SDG_LLM/LLMs/chatgpt-api/results/separates/SDG_7/d_7_74.txt	4.3441548212095585E-4	6.57218004655412E-5	7.863955377606925E-5	6.3389596645085E-5	8.385790335200409E-5	0.6014641154527164	8.971977665762382E-5	1.991306440464267E-4	4.459585848426307E-4	5.5220520573211684E-5	0.006990640050551263	6.136670778566847E-4	6.979280136893063E-5	7.840101680945269E-4	0.374119261254887	4.9175082229579424E-5	0.014327794092970726	6.549015684547375E-5
52	file:/Users/mlafleur/Projects/SDG_LLM/LLMs/chatgpt-api/results/separates/SDG_7/d_7_388.txt	6.928979018899324E-5	5.5155040784123484E-5	0.0021329580730067477	0.027957187468232093	8.085760033103908E-4	0.6572729183481344	2.22934776150018E-4	0.0014958758053761243	0.004951102169940378	4.634215804743383E-5	0.004980843086630115	0.0040583653710055435	6.491321333380307E-4	3.6267659679200024E-4	0.2940368962753149	1.8890886299915855E-4	5.082372429669299E-4	2.0260079778276936E-4
53	file:/Users/mlafleur/Projects/SDG_LLM/LLMs/chatgpt-api/results/separates/SDG_7/d_7_60.txt	0.0014181172605750854	2.299942656829854E-4	7.484730021288523E-5	6.033274532531983E-5	0.009623995632054214	0.5815014272573313	2.5283498186590305E-4	2.2086137557250975E-5	8.956945398633882E-5	5.2557608516246735E-5	2.907410311883751E-4	8.174871823716567E-5	2.3386894975927842E-4	5.787608797544686E-4	0.40530590495310015	4.680370075740049E-5	7.407711437508535E-5	6.233200972070834E-5
54	file:/Users/mlafleur/Projects/SDG_LLM/LLMs/chatgpt-api/results/separates/SDG_7/d_7_48.txt	5.455563131185793E-4	5.874575929634915E-5	0.002429070358079444	5.666110727379265E-5	7.495680536013716E-5	0.6278842723759184	8.019647006497409E-5	0.00489554992089248	8.411857298071783E-5	4.935913786345289E-5	4.302994243461705E-4	3.9127751302454455E-4	6.238464376804173E-5	2.2903580083799292E-4	0.36004042279131443	0.0016164740596515343	0.0010130802427185173	5.8538703490655704E-5
55	file:/Users/mlafleur/Projects/SDG_LLM/LLMs/chatgpt-api/results/separates/SDG_7/d_7_149.txt	0.0034016900143749263	4.8010114220184224E-5	5.744659964075308E-5	1.7482089663596145E-4	6.125863092119311E-5	0.6655581046024668	0.033864846194886174	1.6951493216899933E-5	3.2577504639411445E-4	4.0338875095303505E-5	9.463430918156859E-5	1.9125802687692942E-4	5.09840013775313E-5	1.8718006355612413E-4	0.2950149952979096	3.592265120409949E-5	5.709133460094685E-4	3.0486983603228993E-4
56	file:/Users/mlafleur/Projects/SDG_LLM/LLMs/chatgpt-api/results/separates/SDG_7/d_7_2.txt	4.5083328584650097E-4	7.985024370362972E-4	4.467599783298154E-4	2.483594762628897E-4	8.70271333972758E-5	0.6433654564490755	9.311054366314798E-5	2.4082155269973403E-5	2.8023843000627444E-4	5.730746200533354E-5	1.3444232306951805E-4	2.7171090127252415E-4	0.011757179618694026	2.6591753872797966E-4	0.3301997009873569	0.0011464787818520699	0.010304927280925167	6.796521720887208E-5
57	file:/Users/mlafleur/Projects/SDG_LLM/LLMs/chatgpt-api/results/separates/SDG_7/d_7_161.txt	0.0020630131017376377	0.0010544904456726203	7.395570441246093E-5	5.9614049765064156E-5	7.886324394222067E-5	0.5596842210739527	8.437597829379366E-5	2.18230431311644E-5	0.0037283405199565046	5.1931531918959354E-5	0.003927115701658799	8.077491138423954E-5	6.563587330182623E-5	2.409721992046681E-4	0.3827749724601789	2.1169334925174815E-4	0.04507482858007745	7.233782321595497E-4
58	file:/Users/mlafleur/Projects/SDG_LLM/LLMs/chatgpt-api/results/separates/SDG_7/d_7_175.txt	0.002039938860386283	4.926367093672023E-5	5.894654547490704E-5	4.7515500303011626E-5	3.265981417945206E-4	0.6205614843164173	3.309920779854834E-4	1.739410116571472E-5	7.298911664346951E-4	4.139213373954071E-5	4.927152837469892E-4	6.438180834013401E-5	1.841852230199852E-4	6.0197368323873727E-5	0.37326837299375837	3.686060108037259E-5	8.495600756134804E-4	8.40310131478587E-4
59	file:/Users/mlafleur/Projects/SDG_LLM/LLMs/chatgpt-api/results/separates/SDG_7/d_7_159.txt	7.662009791433374E-5	6.099000464313593E-5	3.994963322487479E-4	5.882571332989138E-5	7.782035608540533E-5	0.6549730601486313	8.326019001561958E-5	2.1534455120545367E-5	0.021637560940221477	5.124478913085161E-5	6.099973240336355E-4	7.970674362944014E-5	6.476790424785103E-5	7.45262726826352E-5	0.3213886930075075	4.563460635989658E-5	2.354860754468877E-4	6.077503875109721E-5
60	file:/Users/mlafleur/Projects/SDG_LLM/LLMs/chatgpt-api/results/separates/SDG_7/d_7_171.txt	5.748444085628946E-4	6.1899515130252E-5	7.406599049808883E-5	5.970294892773521E-5	4.103686598079575E-4	0.5797393405182415	5.815835207156931E-4	2.1855586638423853E-5	8.863446388850642E-5	2.1770288028193115E-4	1.2201216239895402E-4	8.089536657920092E-5	6.573375247964943E-5	7.563764211057894E-5	0.4174787283598251	4.631513021462645E-5	7.330384441156334E-5	2.2737524928756074E-4
61	file:/Users/mlafleur/Projects/SDG_LLM/LLMs/chatgpt-api/results/separates/SDG_7/d_7_165.txt	0.06192252591123059	8.915452071267481E-5	1.0667802276110905E-4	8.599078337827145E-5	1.1375694409403252E-4	0.6195030963472659	1.2170883374615737E-4	3.147883061026953E-5	1.2766114774851717E-4	7.490907142433452E-5	0.006857954152732739	0.0013097677939972279	3.3332768282324723E-4	3.4759235890962275E-4	0.29558748200737545	6.670816770278852E-5	0.012038113788306014	0.001282093635180904
62	file:/Users/mlafleur/Projects/SDG_LLM/LLMs/chatgpt-api/results/separates/SDG_7/d_7_6.txt	6.3132833698562E-4	1.9402936096889304E-4	6.314319962468251E-5	1.921567306660832E-4	7.736252484659744E-4	0.6465195501258882	7.204000398967476E-5	1.598908615913513E-4	9.231136096221278E-4	4.4339014993168216E-5	3.8653537021689487E-4	2.1022382258367088E-4	5.60397481622699E-5	0.0010532918788720399	0.33867804136042495	6.045184662084219E-4	0.009244289496745007	1.9384336399101915E-4
63	file:/Users/mlafleur/Projects/SDG_LLM/LLMs/chatgpt-api/results/separates/SDG_7/d_7_64.txt	0.003738904193010848	7.174214698401505E-5	2.778840783970084E-4	6.91963051461674E-5	4.756213137958372E-4	0.556122956291462	2.899792884027192E-4	2.533083992235298E-5	6.78850815919972E-4	6.027891316785089E-5	3.3345416330954157E-4	9.375852568858699E-5	2.682269325636879E-4	8.766477130560666E-5	0.430090510498006	5.367969155250474E-5	0.007190471947365971	7.1489283999114E-5
64	file:/Users/mlafleur/Projects/SDG_LLM/LLMs/chatgpt-api/results/separates/SDG_7/d_7_398.txt	2.1131422339754763E-4	5.372722745152668E-5	6.428742308465369E-5	6.270932894096703E-4	0.00193818943218172	0.6083302872764388	7.334544722206333E-5	0.007066059774229	7.693249278869635E-5	1.8896064276347396E-4	1.0590349839198371E-4	7.021515032597095E-5	5.7055249355102716E-5	6.565157728652636E-5	0.38048215869450114	4.020037201021902E-5	4.95080369156054E-4	5.353786000609913E-5
65	file:/Users/mlafleur/Projects/SDG_LLM/LLMs/chatgpt-api/results/separates/SDG_7/d_7_70.txt	8.814716496690101E-5	7.016561120323008E-5	8.395680453611781E-5	6.767571431431853E-5	0.034648548405859875	0.6015631123140912	2.836069850486628E-4	2.4774193973301248E-5	1.0047076005880113E-4	5.8954282285851756E-5	3.261264983063414E-4	9.169817934106774E-5	7.451187476527277E-5	0.013984474804855054	0.34738916132620856	2.403208418596378E-4	8.343759334360066E-4	6.991830488982677E-5
66	file:/Users/mlafleur/Projects/SDG_LLM/LLMs/chatgpt-api/results/separates/SDG_7/d_7_58.txt	7.870159842604524E-5	2.3034138463214814E-4	7.496026353447246E-5	6.042380254839988E-5	7.993446342046055E-5	0.6234642097091387	2.5321657317626135E-4	0.009580705659450212	7.604826148570679E-4	5.263693111059268E-5	1.2348533768778054E-4	8.187209752701717E-5	2.3422191657712996E-4	7.655089127419974E-5	0.364664767417748	4.687433926386756E-5	7.418891529334967E-5	6.24260843344784E-5
67	file:/Users/mlafleur/Projects/SDG_LLM/LLMs/chatgpt-api/results/separates/SDG_7/d_7_429.txt	0.0011663105767352757	5.8332975677151495E-5	5.382391973246739E-4	5.626297169416322E-5	7.443011302062773E-5	0.6320604541616787	0.05098352853833959	2.059630679022842E-5	0.0032064658834609337	2.0515922933498455E-4	1.1498203962596805E-4	7.623432010944042E-5	6.194629112190393E-5	7.127953632963342E-5	0.31113492374092855	4.3646535172510815E-5	6.908020788375461E-5	5.812737477213298E-5
68	file:/Users/mlafleur/Projects/SDG_LLM/LLMs/chatgpt-api/results/separates/SDG_7/d_7_415.txt	7.496780694400415E-5	5.967477226031015E-5	2.311426377691547E-4	0.007245797207379093	3.956195176210723E-4	0.641327965396296	8.146470731727394E-5	2.1070070622023488E-5	8.54488348710232E-5	5.0139709593469415E-5	1.1762689883473918E-4	7.798789000802416E-5	6.337120251724835E-5	7.291913446749592E-5	0.336821449281108	4.465050884402931E-5	0.012370546642155726	8.581577813915228E-4
69	file:/Users/mlafleur/Projects/SDG_LLM/LLMs/chatgpt-api/results/separates/SDG_7/d_7_373.txt	7.917960584933333E-5	6.30273865453922E-5	7.541554732969015E-5	2.295038120083131E-4	8.041995885709307E-5	0.6086924929882677	8.604151140276811E-5	8.658188939592851E-4	4.2767550357738235E-4	5.2956630383709865E-5	2.9294836201045917E-4	8.236936151098639E-5	6.693148755521007E-5	4.14441866636361E-4	0.3812202266487413	4.715903846411198E-5	0.006991873141910931	2.3151825499030632E-4
70	file:/Users/mlafleur/Projects/SDG_LLM/LLMs/chatgpt-api/results/separates/SDG_7/d_7_367.txt	0.0043751961966726725	3.1983634838272045E-4	6.0233306135514966E-5	1.8330137295870493E-4	1.9897890067540778E-4	0.5986690016302147	6.872010984723071E-5	2.872710888419166E-4	2.068295913201583E-4	1.7704433771048114E-4	0.0011772141211747178	2.0053586036065723E-4	5.345721038652762E-5	6.151143354698778E-5	0.39367867947120105	3.766524147133115E-5	1.9436214317031372E-4	5.0161635929026814E-5
71	file:/Users/mlafleur/Projects/SDG_LLM/LLMs/chatgpt-api/results/separates/SDG_7/d_7_401.txt	2.544610474201364E-4	6.469742714183076E-5	7.741383779589104E-5	6.240157423328214E-5	8.255085152798838E-5	0.6019608452503357	0.08425546085964672	2.2843478195362087E-5	4.390076480977987E-4	2.2754324013635622E-4	1.2752721843802613E-4	8.455190762571383E-5	2.4188838997085663E-4	0.057402766765670334	0.25364062818017963	5.679588582836821E-4	7.661724204226266E-5	4.108362232587349E-4
72	file:/Users/mlafleur/Projects/SDG_LLM/LLMs/chatgpt-api/results/separates/SDG_7/d_7_207.txt	0.005194072426637459	6.996352729939847E-4	3.9144406441850196E-4	8.574832517186748E-4	0.007594778189473289	0.6243348082902151	2.415506399831469E-4	2.1100405578130364E-5	8.557185708113799E-5	5.021189662677435E-5	0.0034771378243558383	2.3806881703806605E-4	2.2343108564186565E-4	7.302411744468208E-5	0.3510636807200819	2.0468343945239469E-4	0.0050297990007196385	2.1951870053953503E-4
73	file:/Users/mlafleur/Projects/SDG_LLM/LLMs/chatgpt-api/results/separates/SDG_7/d_7_213.txt	0.03347174650173466	5.7764729253842464E-5	6.91185040631893E-5	5.571489006351073E-5	7.370505750923839E-5	0.6016270288510631	7.885722196640338E-5	4.8427314479240085E-4	8.271382737498686E-5	3.577865108226592E-4	0.001041616901324311	2.301175141867338E-4	6.134284585002027E-5	2.2521099707133855E-4	0.36129530944744787	4.322135563703024E-5	6.869105686438352E-4	5.7561131195028E-5
74	file:/Users/mlafleur/Projects/SDG_LLM/LLMs/chatgpt-api/results/separates/SDG_7/d_7_212.txt	2.528844135156927E-4	4.085173131280756E-4	4.2115493323881557E-4	5.783460600281815E-4	8.203936864021723E-5	0.5882487100738581	8.777412190519371E-5	2.270194061000914E-5	4.362875683476031E-4	5.402301348740013E-5	8.151785622327066E-4	8.402802624740609E-5	6.827928115379385E-5	2.506770720347185E-4	0.40627997336094274	5.644398002534733E-4	0.0012809151469958253	6.406994338027491E-5
75	file:/Users/mlafleur/Projects/SDG_LLM/LLMs/chatgpt-api/results/separates/SDG_7/d_7_206.txt	0.022960947607092386	4.343810783601871E-5	5.1975956119648884E-5	2.7444871880797007E-4	5.5424967406616725E-5	0.5977584727854741	5.929930869013185E-5	1.5337201385529498E-5	2.947514669648966E-4	3.6497401325423455E-5	0.0019460387229780995	5.676848436546531E-5	4.6128791520722056E-5	5.3078865764099926E-5	0.3762201637554413	3.250173473037352E-5	5.144111858782606E-5	4.328500550959521E-5
76	file:/Users/mlafleur/Projects/SDG_LLM/LLMs/chatgpt-api/results/separates/SDG_7/d_7_366.txt	7.978534301019124E-5	6.350955654071837E-5	7.599248881650378E-5	6.125585640848597E-5	8.103518492486485E-5	0.6277994061768558	4.267071391888529E-4	0.0010424462505300963	9.093989644245606E-5	5.3361757418545946E-5	1.251857677758216E-4	8.299950083345644E-5	7.474583163846706E-4	7.76050199766545E-5	0.3679862735151259	4.751981295599815E-5	7.521051887905557E-5	0.001083307897932114
77	file:/Users/mlafleur/Projects/SDG_LLM/LLMs/chatgpt-api/results/separates/SDG_7/d_7_400.txt	7.147414826342354E-5	5.689380140605232E-5	2.203709009955597E-4	5.487486796144833E-5	2.248883022587258E-4	0.6371784948154448	3.822572941442353E-4	4.7697168292830746E-4	2.3376124549373E-4	4.780309286685427E-5	2.6443974348274596E-4	2.2664799647309996E-4	2.1271247759609488E-4	2.218154556828196E-4	0.3512791683976976	4.2569700505434046E-5	0.008748162803772342	5.669327302697959E-5
78	file:/Users/mlafleur/Projects/SDG_LLM/LLMs/chatgpt-api/results/separates/SDG_7/d_7_414.txt	2.2194341447917765E-4	5.64297287677495E-5	2.1857337467629884E-4	5.442726340485283E-5	7.2001660144214E-5	0.6124954003529187	3.7913928925407253E-4	1.9924305117271558E-5	8.080222835637167E-5	4.741317152432651E-5	1.1123048728332665E-4	7.374700084526157E-5	5.992515152190818E-5	8.242152190077106E-4	0.38511954774170737	4.222246701536853E-5	6.682630791329415E-5	5.623083606306714E-5
79	file:/Users/mlafleur/Projects/SDG_LLM/LLMs/chatgpt-api/results/separates/SDG_7/d_7_372.txt	0.0015436856910459762	0.00381035543194393	3.989102000156144E-4	3.847789629712527E-4	5.667655159217825E-4	0.6778129857713543	8.313803249584895E-5	8.366017538272954E-4	0.0015543820044445224	3.7720916133748156E-4	0.0024023199152631955	7.958979964806153E-5	3.907124356373753E-4	0.0015415949378286113	0.29988760713044926	4.556765226902088E-5	0.008223109732595815	6.068587095077864E-5
80	file:/Users/mlafleur/Projects/SDG_LLM/LLMs/chatgpt-api/results/separates/SDG_7/d_7_428.txt	0.0014005250774740028	7.004720432889884E-5	8.381512455024601E-5	6.756150922634626E-5	8.937691373459408E-5	0.6378612119549322	4.706321976630095E-4	2.4732386671659453E-5	0.001412827876076706	4.338624131619466E-4	0.004075652331145441	9.154343551982185E-5	7.438613342218145E-5	4.606012672573646E-4	0.34061530450613353	5.2411483076027256E-5	0.012458204061148587	2.573041244776426E-4
81	file:/Users/mlafleur/Projects/SDG_LLM/LLMs/chatgpt-api/results/separates/SDG_7/d_7_59.txt	0.009209144593272005	5.689380140605232E-5	6.807639357874998E-5	5.487486796144833E-5	7.259379484191619E-5	0.6048920592430812	7.766827931061588E-5	2.008816067787824E-5	3.8605575291053974E-4	9.615701373677124E-4	7.213232657331749E-4	7.435348905629016E-5	2.1271247759609488E-4	3.7410996309962915E-4	0.3739710500028023	4.2569700505434046E-5	0.008595868296355532	2.0898778044378937E-4
82	file:/Users/mlafleur/Projects/SDG_LLM/LLMs/chatgpt-api/results/separates/SDG_7/d_7_399.txt	6.188862114172391E-5	0.0029504040218287383	5.894654547490704E-5	4.4312554815192337E-4	3.265981417945204E-4	0.6142317235508347	6.725204608620907E-5	1.739410116571472E-5	5.980211504850582E-4	1.7326214968917795E-4	4.927152837469892E-4	6.438180834013401E-5	5.231520707034792E-5	1.9206738427351104E-4	0.3670704822441254	1.687306170300098E-4	0.012849731527030466	1.8096005173040073E-4
83	file:/Users/mlafleur/Projects/SDG_LLM/LLMs/chatgpt-api/results/separates/SDG_7/d_7_71.txt	0.007354981046470991	0.0016233481586407988	0.00994886847062269	6.240157423328214E-5	0.0014680181684159602	0.6478544501222497	0.001473788675590422	2.2843478195362087E-5	0.01256184667086755	2.2754324013635622E-4	3.007106330490227E-4	2.577353222367103E-4	6.870497535986019E-5	2.522399440415062E-4	0.29485828085759674	0.020657234953159267	9.425343150972449E-4	6.446939403674197E-5
